243
10
10
10
10
10
10
10
10
10
10
10
10
10
10
10
10
10
10
10
10
10
10
10
10
10
10
10
10
10
10
10
10
10
10
10
10
10
10
10
10
10
10
10
10
10
10
10
10
10
10
10
10
10
10
10
10
10
10
10
10
10
10
10
10
10
10
10
10
10
10
10
10
10
10
10
10
10
10
10
10
10
10
10
10
10
10
10
10
10
10
10
10
10
10
10
10
10
10
10
10
10
10
10
10
10
10
10
10
10
10
10
10
10
10
10
10
10
10
10
10
10
10
10
10
10
10
10
10
10
10
10
10
10
10
10
10
10
10
10
10
10
10
10
10000011011
10011100001
10100000011
10111100111
11011111101
11101010111
100000001111
100110101101
101100000011
110011000111
110100100001
110100101101
110101111001
111100110001
1000110101011
1000111010111
1001100011001
1010011001011
1010011100111
1010111010111
1011000011011
1011001010101
1100010000101
1101000101111
1110010110101
1110100001001
1111011001011
1111111111111
10000010100001
10001000011011
10001010111101
10011001101001
10100001110101
10100010000001
10100011000001
10100100111111
10100111000011
10100111110011
10110000001001
10110010101101
11001101101011
11001111110001
11011010001111
11101001111001
11101101011111
11101111100001
11110100000011
11110100001101
11110110111011
11111001000001
100000001101101
100000110111111
100001110101001
100010000010111
100010110001111
100011100111001
100011101010001
100100101110011
101000010110111
101000111110111
101001011100101
101001110011111
101001110111001
101001111011011
101001111111111
101010111111101
101011001011111
101011010001111
101011101110111
101100011010011
101100101001011
101100101001101
101101001100111
101101100111101
101101110000111
101110101111001
110000010111111
110000011110101
110000100101101
110001000001001
110001111011001
110010011011011
110010101111101
110010111000101
110011101011011
110011110010001
110110011001011
110110101111111
110110111011011
110111001000101
110111101111101
111001000010001
111001011100011
111001111110011
111010010001101
111010011100111
111100010101101
111101100000001
111110011011011
111111111001111
