50
110101010001011100111001111
111011101111100001010110011
111100011000001010101001111
1000110011000110010111101011
1001011110011000010001010001
1011101110010010110111111101
1110110101010110000110001001
10001010011110101110100010011
10100100000101110110100000001
10100100111011011010000011101
10100110010111111101101100001
10101000001001100001110010011
10101011110011010001011111001
10101111000010011110111111001
11010101001001010000110110101
11011001010011101011101011101
11101001100111010100011011101
11110010111100000001010100001
11111001110010011001111001101
11111011000010011100110010011
100000111111001111100010111101
100011011100100001001000000101
100100111110001101011001110001
100101011111010110111010111001
100101100001110111111010100101
100111011111001110010110001001
100111100111110111111101011011
101000010011001001000011100011
101001011011000001011001011111
101010100010001100000110111001
101011010011010110100100100101
101011110110100001100111111111
101100111011010011000100101111
101101101101111000111111100011
101110111000001101101000000011
101111010111110100010011011111
101111101100001111000010001101
110001010010101110000110101101
110001010101110110001011100011
110100100000000001110000111101
110101011111100101101101001111
110110101101101010010010101001
110111001110101110000110110011
110111011111110110010101000101
111010001011100101101101001001
111011010010101110010000010101
111101101111010000001010110011
111110000001100101100111100101
111110100111111100100011011111
111110101001000000111100000111
