9
101
101
101001000000000010111101110000001010011101101010111011110110000100010011101101011100000001111011101000000001000110111101110111010011111101111111001011010000010101001001101011010001111000100101000001
1101001101100000100110001001111100111011110101110111010010110110000100111111010100101110100100110011010110010110110100001100111110001111011010101001110101110011100010101010110100011000001111111010001
10101010111111000111010111001100010100011011000110000111110110000010010100101101111100001111010111100011111101100000010100001110001101000110101000001100001010100011000001100100111000010000110010000001
11001000101100011101001100011101110000110100111100000001110010010001010001110011000010100000011101100111001011000100011101011011010011011101111100001010101000001110100001001110111100011001001010100001
11100000111000110100000011011110000101110000110100011011010110111101010111101000101100001110101100011011111001100000000100100101010100001101110001011000111010111110000011000010110110110010111111011001
1011100010101010111010000110100110100001010010110010000101001010000001010011000110110100111111010101111010100111111111100011100100010111000000001100011011000110010000110111000111000011101100111010110000100010011010011010010110010010110000110011001111
1100001011000101000100000011111000000100100110011101100101011011001100010011101100000101110101011011000001011011100101011111100001010101001011010011001110000001100000101101100101001011001010110100100001110010000101000111101000111111110000010100111111
