10
1010010011101111100100010100001000110011100100100000101010101010100111001100111101110110110000100110010011100011001011101011111111100010101101
110000100011000011010001111010000111011100000010111100100101000010011001010111010100001010000011011011000000001001010110010101100100001010111111111
1101111100111001011011011101110000001011000011110000101111110010110101111101110010111011001010011100101101100110100011110000100010000010010010110001
10100100000010010000101111111001100010100011010011001100110110100001001000111101001001001001110110110011011110001010110100101011000100000100001000101
11000101100001010111100110010100000101010101101000010011111000100001001111111001110001000011111000100101100000000001101000100001100001001011011111101
100011100011001110110110101001010010110000011001100111000101000111101110001001011110011110100110001111110111110011000111011111111111011101111100110101
100100100100010010111100000001001001101111100011110011100000101001101101010100110000101100010110011101110100011011011110000111000010001000001001001111
101100101001010111110101101010000001101011010101101100110010000011001101101010001111100000101010010110000101111011100101100000001010101100101100100011
101101100001000110111000011101010010001101001001000110010011011001110110011111010000100111110101010110101100100001110100010001010100110100110111001101
101101101011001000100000111100100101110110001110111010101101001011010001110110111011110011000010110100110101011010111100110010010111001110001111000001
