50
1100110010011000000000001
11010010110000010000000001
11011110000001110010010111
101000110100001010111010011
101011110110101010110010001
110000100000000000000000001
1000000110011110000001000101
1000011010000110101010000001
1001100001010000011000101011
1101110000000000000000000001
1110000111001101001000011001
1110001011000011011011100001
10110010000011111001001011001
10110100000000000000000000001
11001000100001000111001010011
11010010101000011011000001001
11011101000000000000000000001
11100100011000010001000110011
11100100100010011000100110111
11100100101010000010001100111
11100111011000010110011001011
11101011100010010101001110011
11101100110000110000000000001
11101101010101100001110011111
11111011111111110010101000001
11111111001110000000000000001
100001000100110100100111010101
100010000100110011010101110101
100100110000111111000011110001
100100110100000011011101011001
100110010100111010111010000101
100111000101101001010101010011
100111101110101110001110100001
101001101011000010011110100111
101011010000011100000110110001
101100000001101101101111110101
101111110101100110001100000001
110001111000101001111011001101
110010010110000000000000000001
110010110011100100011111000101
110110001001011100000000000001
110110100010100000000000000001
111001000100010110001000000001
111001010100011011001110001101
111001111001000000000000000001
111010001011000001001111001001
111010110101101000000000000001
111011000010101011100000000001
111101011000110000110100011101
111110010111001001000001101111
