242
10
10
10
10
10
10
10
10
10
10
10
10
10
10
10
10
10
10
10
10
10
10
10
10
10
10
10
10
10
10
10
10
10
10
10
10
10
10
10
10
10
10
10
10
10
10
10
10
10
10
10
10
10
10
10
10
10
10
10
10
10
10
10
10
10
10
10
10
10
10
10
10
10
10
10
10
10
10
10
10
10
10
10
10
10
10
10
10
10
10
10
10
10
10
10
10
10
10
10
10
10
10
10
10
10
10
10
10
10
10
10
10
10
10
10
10
10
10
10
10
10
10
10
10
10
10
10
10
10
10
10
10
10
10
10
10
10
10
10
10
10
10
10
10
10
10
10
10
10
10
10
10
10
10
10
10
10
10
10
10
10
10
100011101111
10011011110101
11110011110111
101001001001011
101100010101011
110010000101011
110111010010011
111110100111111
1001000110011001
1001011110100101
1100001100000001
1110100000111101
1110100111010111
1111000010100011
10000000011100001
10000100100101011
10000111100011011
10001000110000011
10001011011000011
10010101111010101
10011010001011101
10101011101001001
10101011101101101
10111000010101011
11001001111111111
11001011111001111
11001111010010001
11010101011010011
11011000010001011
11011000111001101
11011101010000111
11011111100010011
11100001000010111
11100001001001111
11100010010001101
11101001011000001
11101010100111001
11110100011010101
100000100110001111
100001000011000111
100010010001110001
100010111010010001
100011111010000001
100100100110110011
100100101001110011
100110010000111101
100110111111000011
101000000000000001
101000100010011011
101000101100000001
101001001111101111
101001110110101111
101010011000111101
101010110000100101
101010111110010111
101100010000000101
101100100111011011
101110001100110111
101110010001011001
101110100001110111
101110110001011011
101110111100001111
101111000010111001
101111100100001011
101111101101100011
101111110111001011
110000010000110011
110000100011110101
110000101011110011
110010000000010101
110010101110010011
110110010000100111
110110110101011011
110111000010010111
110111001101111001
111001001111101001
111001111110011011
111011000010011111
111100001101010011
111101011000000001
