22
11110000000001
11110000000001
110010000000001
110010000000001
1001010000000001
1001010000000001
1001110000000001
1001110000000001
1100010000000001
1100010000000001
1110010000000001
1110010000000001
10010101011011110010110010101110100100010001111001000111010011000001011110100111000000100101111011011011001011110111100110001011
10101101100110111100101011101110000000001100011010000101011101010011100101101111100111101000111001010010100100111000010010101101
10110001010100101100000011110001100111001011001101100111011011010001101011110101101100000010010110111111110110110110100111010011
100011100100100011001011101101001001110100001001010101101000001101110101011001111111110001001011100110000011001000011000001100101
101011111110101001111100000010011110001111011001111100101010011100110111011000001110101100011011000101000000101111011010101000101
101110100101101111011000110100111111001011111001111010011111001110111100101010000001101000000001010110100111010000111000011010011
1010011011110111011110110110110100000010011110001110100010100011111100000111011111101010011100110001101100010001111110100001001001
1010100100011011101110110111101001111010000101000101000001111000001011010000000000111010101001000011011011010111101000011011110001
1101010000100011110011110100010010110011100011111101011010101100000110011100100110010011011011101011010110001100100000110011010001
1101011001000011011000101110000010010100111100010110001011111010101101010101011000101101101111011010010000111110011000111000010001
