100000 19 996
2
0 1 2 3 4 5 6 7 8 9 10 11 12 13 14 15 16 17 18 
1 18 14 11 5 15 9 10 0 2 3 4 13 17 12 16 6 8 7 
2 14 4 8 1 18 3 13 9 11 17 0 15 16 5 7 10 6 12 
3 11 8 16 9 2 13 5 10 17 15 6 1 18 0 14 12 7 4 
4 5 1 9 14 12 8 16 11 0 6 2 7 10 18 13 17 3 15 
5 15 18 2 12 13 0 6 4 1 9 14 10 3 7 17 8 11 16 
6 9 3 13 8 0 7 14 16 10 12 17 4 5 11 1 18 15 2 
7 10 13 5 16 6 14 11 18 12 4 15 8 0 17 9 2 1 3 
8 0 9 10 11 4 16 18 17 6 7 3 14 12 2 5 15 13 1 
9 2 11 17 0 1 10 12 6 3 13 8 5 15 4 18 7 16 14 
10 3 17 15 6 9 12 4 7 13 5 16 0 1 8 2 14 18 11 
11 4 0 6 2 14 17 15 3 8 16 9 18 7 1 12 13 10 5 
12 13 15 1 7 10 4 8 14 5 0 18 6 9 16 3 11 2 17 
13 17 16 18 10 3 5 0 12 15 1 7 9 2 6 11 4 14 8 
14 12 5 0 18 7 11 17 2 4 8 1 16 6 15 10 3 9 13 
15 16 7 14 13 17 1 9 5 18 2 12 3 11 10 8 0 4 6 
16 6 10 12 17 8 18 2 15 7 14 13 11 4 3 0 1 5 9 
17 8 6 7 3 11 15 1 13 16 18 10 2 14 9 4 5 12 0 
18 7 12 4 15 16 2 3 1 14 11 5 17 8 13 6 9 0 10 
0 0 0 0 0 0 0 0 0 0 0 0 0 0 0 0 0 0 0 
0 1 2 3 4 5 6 7 8 9 10 11 12 13 14 15 16 17 18 
0 2 17 5 12 15 16 1 11 10 14 18 3 8 6 7 13 9 4 
0 3 5 11 13 18 17 12 14 7 1 6 8 10 2 4 9 15 16 
0 4 12 13 6 8 1 18 9 5 15 10 16 17 7 11 2 3 14 
0 5 15 18 8 4 9 3 6 1 2 16 11 14 17 12 10 7 13 
0 6 16 17 1 9 4 14 5 8 11 15 2 3 18 10 12 13 7 
0 7 1 12 18 3 14 15 13 17 9 8 4 16 10 5 6 2 11 
0 8 11 14 9 6 5 13 1 4 12 2 10 7 3 16 15 18 17 
0 9 10 7 5 1 8 17 4 6 16 12 15 18 13 2 11 14 3 
0 10 14 1 15 2 11 9 12 16 13 3 7 4 8 17 18 6 5 
0 11 18 6 10 16 15 8 2 12 3 17 14 1 5 13 7 4 9 
0 12 3 8 16 11 2 4 10 15 7 14 13 9 1 18 17 5 6 
0 13 8 10 17 14 3 16 7 18 4 1 9 15 12 6 5 11 2 
0 14 6 2 7 17 18 10 3 13 8 5 1 12 11 9 4 16 15 
0 15 7 4 11 12 10 5 16 2 17 13 18 6 9 3 14 1 8 
0 16 13 9 2 10 12 6 15 11 18 7 17 5 4 14 3 8 1 
0 17 9 15 3 7 13 2 18 14 6 4 5 11 16 1 8 10 12 
0 18 4 16 14 13 7 11 17 3 5 9 6 2 15 8 1 12 10 
