99996 18 1000
2
0 1 2 3 4 5 6 7 8 9 10 11 12 13 14 15 16 17 
1 4 3 5 2 0 9 8 11 10 7 6 15 14 17 16 13 12 
2 3 0 1 5 4 7 6 9 8 11 10 13 12 15 14 17 16 
3 5 1 4 0 2 8 9 10 11 6 7 14 15 16 17 12 13 
4 2 5 0 3 1 10 11 6 7 8 9 16 17 12 13 14 15 
5 0 4 2 1 3 11 10 7 6 9 8 17 16 13 12 15 14 
6 9 7 8 10 11 12 13 14 15 16 17 0 2 3 1 4 5 
7 8 6 9 11 10 13 12 15 14 17 16 2 0 1 3 5 4 
8 11 9 10 6 7 14 15 16 17 12 13 3 1 4 5 0 2 
9 10 8 11 7 6 15 14 17 16 13 12 1 3 5 4 2 0 
10 7 11 6 8 9 16 17 12 13 14 15 4 5 0 2 3 1 
11 6 10 7 9 8 17 16 13 12 15 14 5 4 2 0 1 3 
12 15 13 14 16 17 0 2 3 1 4 5 6 7 8 9 10 11 
13 14 12 15 17 16 2 0 1 3 5 4 7 6 9 8 11 10 
14 17 15 16 12 13 3 1 4 5 0 2 8 9 10 11 6 7 
15 16 14 17 13 12 1 3 5 4 2 0 9 8 11 10 7 6 
16 13 17 12 14 15 4 5 0 2 3 1 10 11 6 7 8 9 
17 12 16 13 15 14 5 4 2 0 1 3 11 10 7 6 9 8 
0 0 0 0 0 0 0 0 0 0 0 0 0 0 0 0 0 0 
0 1 2 3 4 5 6 7 8 9 10 11 12 13 14 15 16 17 
0 2 2 0 0 2 0 2 0 2 0 2 0 2 0 2 0 2 
0 3 0 3 4 4 6 6 8 8 10 10 12 12 14 14 16 16 
0 4 0 4 3 3 12 12 16 16 14 14 6 6 10 10 8 8 
0 5 2 4 3 1 12 13 16 17 14 15 6 7 10 11 8 9 
0 6 0 6 12 12 12 12 0 0 6 6 6 6 12 12 0 0 
0 7 2 6 12 13 12 13 0 2 6 7 6 7 12 13 0 2 
0 8 0 8 16 16 0 0 8 8 16 16 0 0 8 8 16 16 
0 9 2 8 16 17 0 2 8 9 16 17 0 2 8 9 16 17 
0 10 0 10 14 14 6 6 16 16 3 3 12 12 4 4 8 8 
0 11 2 10 14 15 6 7 16 17 3 1 12 13 4 5 8 9 
0 12 0 12 6 6 6 6 0 0 12 12 12 12 6 6 0 0 
0 13 2 12 6 7 6 7 0 2 12 13 12 13 6 7 0 2 
0 14 0 14 10 10 12 12 8 8 4 4 6 6 3 3 16 16 
0 15 2 14 10 11 12 13 8 9 4 5 6 7 3 1 16 17 
0 16 0 16 8 8 0 0 16 16 8 8 0 0 16 16 8 8 
0 17 2 16 8 9 0 2 16 17 8 9 0 2 16 17 8 9 
