99997 16 999
2
0 1 2 3 4 5 6 7 8 9 10 11 12 13 14 15 
1 0 7 6 5 4 3 2 13 12 15 14 9 8 11 10 
2 7 0 5 6 3 4 1 10 11 8 9 14 15 12 13 
3 6 5 0 7 2 1 4 11 10 9 8 15 14 13 12 
4 5 6 7 0 1 2 3 12 13 14 15 8 9 10 11 
5 4 3 2 1 0 7 6 9 8 11 10 13 12 15 14 
6 3 4 1 2 7 0 5 14 15 12 13 10 11 8 9 
7 2 1 4 3 6 5 0 15 14 13 12 11 10 9 8 
8 13 10 11 12 9 14 15 0 5 2 3 4 1 6 7 
9 12 11 10 13 8 15 14 5 0 3 2 1 4 7 6 
10 15 8 9 14 11 12 13 2 3 0 5 6 7 4 1 
11 14 9 8 15 10 13 12 3 2 5 0 7 6 1 4 
12 9 14 15 8 13 10 11 4 1 6 7 0 5 2 3 
13 8 15 14 9 12 11 10 1 4 7 6 5 0 3 2 
14 11 12 13 10 15 8 9 6 7 4 1 2 3 0 5 
15 10 13 12 11 14 9 8 7 6 1 4 3 2 5 0 
0 0 0 0 0 0 0 0 0 0 0 0 0 0 0 0 
0 1 2 3 4 5 6 7 8 9 10 11 12 13 14 15 
0 2 0 0 2 0 2 2 5 5 5 5 3 3 3 3 
0 3 2 3 2 5 0 5 5 0 3 2 3 2 5 0 
0 4 0 0 4 0 4 4 8 8 8 8 12 12 12 12 
0 5 2 3 0 5 2 3 0 5 2 3 0 5 2 3 
0 6 0 0 6 0 6 6 9 9 9 9 15 15 15 15 
0 7 2 3 6 5 4 1 9 8 11 10 15 14 13 12 
0 8 4 12 0 8 4 12 0 8 4 12 0 8 4 12 
0 9 6 15 0 9 6 15 0 9 6 15 0 9 6 15 
0 10 4 12 2 8 6 14 5 9 1 13 3 11 7 15 
0 11 6 15 2 9 4 13 5 8 7 14 3 10 1 12 
0 12 4 12 4 8 0 8 8 0 12 4 12 4 8 0 
0 13 6 15 4 9 2 11 8 5 14 7 12 1 10 3 
0 14 4 12 6 8 2 10 9 5 13 1 15 7 11 3 
0 15 6 15 6 9 0 9 9 0 15 6 15 6 9 0 
