1000 995
93 88 83 205161273
59 54 47 272815050
976 968 967 128081945
491 486 476 163208281
964 960 953 393463398
126 122 119 919973605
251 243 241 268012077
401 398 390 888396262
786 777 773 821327852
264 256 250 387688185
107 104 95 764563667
198 195 185 421528348
18 14 4 465222052
163 154 149 442571826
378 376 369 362084917
759 758 751 186708949
513 512 507 471054261
511 506 505 880010339
239 237 227 427653720
560 551 550 365338137
375 365 361 574505470
839 838 828 819127687
522 512 507 554909926
421 420 410 229284000
982 972 964 326614657
323 319 314 750965247
890 880 875 706497056
368 365 361 222074525
448 440 431 532346475
594 593 583 200514101
297 295 294 585442226
179 170 161 902270449
101 92 85 858774763
685 679 677 584355849
727 725 724 770872935
232 227 217 471436488
589 584 581 442990737
249 243 241 283909554
83 79 72 205161273
480 479 469 702760097
108 99 93 101499306
959 958 951 665772259
747 746 743 781351283
440 431 421 451016155
410 406 396 594045057
796 795 790 539728351
958 951 946 780010832
337 328 318 622733479
751 749 744 397139486
113 107 104 762551701
597 589 584 199110856
39 38 31 859103011
324 321 315 830524257
551 550 548 131339144
645 642 638 595555595
742 738 729 427770412
476 468 465 112596577
57 53 47 415343657
995 987 980 735487909
767 760 759 590267891
131 127 123 779231921
569 560 551 332746920
854 851 845 475711811
149 146 140 442571826
365 361 352 202742384
704 695 693 958813459
364 361 352 574505470
389 384 380 597524810
217 208 203 471436488
351 344 337 622733479
263 254 244 474768538
841 840 837 309622432
238 234 232 688201057
398 390 387 888396262
646 643 634 686436800
857 847 838 803151294
405 402 399 465631139
691 689 684 427691083
165 156 154 806744711
668 661 658 471986004
29 22 19 508474159
883 881 875 393626353
663 656 650 643373766
809 800 795 787945315
707 700 690 135789617
725 724 717 306419051
912 904 895 245479573
73 70 67 487535819
169 159 154 141225238
621 620 615 420123097
968 967 965 128081945
910 907 905 858718557
922 913 908 406425656
117 109 104 330908296
253 250 245 387688185
241 234 232 213282014
350 340 336 341019372
342 332 323 694281437
381 372 371 490216204
188 178 177 606803079
457 454 445 826439266
535 530 528 569543162
341 339 336 341019372
282 275 268 918802503
526 520 511 630758991
5 3 1 420272005
68 61 51 409777063
705 702 701 465649060
352 348 344 249061174
914 911 901 729802360
183 176 166 603156329
308 301 294 585442226
327 322 318 916587916
763 760 759 590267891
823 821 811 608480549
121 119 114 440526169
336 332 323 694281437
899 892 888 653985854
40 33 29 508663785
523 520 511 214636635
547 541 531 344980533
724 717 716 200300857
636 633 624 455913187
679 677 674 584355849
703 701 695 474961434
7 4 1 465222052
548 542 541 97914786
63 56 48 116103065
15 9 8 578945293
821 811 807 608480549
129 123 113 203423714
242 241 234 789370767
35 27 19 508474159
611 603 596 132877544
433 426 420 506474435
17 7 4 465222052
14 4 1 465222052
847 838 828 592331488
397 395 389 759535451
806 802 799 553882388
719 715 708 571126047
123 113 107 762551701
749 744 741 397139486
128 119 114 440526169
467 458 452 586264289
355 350 340 799046430
218 215 205 541406504
789 779 778 131482506
825 821 811 608480549
87 80 74 505616654
907 905 903 653504574
13 11 4 290177907
194 193 187 363193256
41 31 28 811357088
714 704 695 823367360
835 832 824 483899376
784 777 773 821327852
390 387 385 837519646
53 47 37 351787219
470 461 458 847048807
315 306 299 500706134
106 102 101 465149884
503 500 495 615988500
798 797 794 528134111
845 839 838 819127687
189 188 178 557250623
805 796 795 497698622
766 758 751 186708949
348 344 337 622733479
170 161 157 515504991
85 83 79 248060971
737 732 731 547422865
913 908 901 429503215
461 458 452 586264289
649 640 639 266127305
318 310 308 662689678
778 772 766 207482901
280 275 268 918802503
865 856 854 198817173
223 216 210 772578351
235 230 227 845039221
416 409 407 140446510
887 879 873 842755103
748 745 741 256334801
384 380 371 597524810
340 336 332 341019372
673 667 660 429868883
182 174 166 782493744
988 986 982 796140070
533 524 523 82944523
580 573 563 772600759
256 250 245 500158955
478 476 468 163208281
110 105 103 448939770
266 260 256 522122873
234 232 227 789370767
647 637 630 697693889
496 487 484 355759977
956 955 950 878918392
419 410 406 219224776
874 867 859 431362740
354 345 335 266745405
765 756 750 308816405
64 56 48 116103065
870 864 862 584513316
275 268 258 918802503
919 913 908 437071212
923 913 908 918386591
367 365 361 574505470
970 962 952 280454826
92 85 83 248060971
424 416 409 84104782
629 620 615 135739778
395 389 384 408335819
708 698 696 513695747
77 75 65 554906970
248 246 236 276857308
799 791 789 144237188
546 537 535 897488528
393 384 380 408335819
302 294 285 331630458
25 15 9 757386571
225 224 215 957130111
619 618 609 625689744
477 476 468 163208281
205 196 195 541406504
625 618 609 188927034
427 417 407 244769673
331 321 315 216770553
720 715 708 513695747
706 700 690 492777794
262 257 248 712453994
95 85 83 248060971
16 6 1 725814201
465 464 457 738162644
439 436 428 413920802
359 350 340 568120195
873 863 856 643052687
788 782 775 493933708
295 294 285 162419429
998 993 989 146294258
849 844 843 302778404
310 308 301 662689678
326 323 319 470891388
952 946 940 583272315
490 481 474 336791755
587 577 573 302391005
207 204 194 700376217
891 888 879 842755103
428 423 414 479138730
562 558 555 552523474
567 561 554 812623291
230 227 217 471436488
734 730 722 515704015
69 63 56 353446818
687 684 679 460079662
38 31 28 665040259
549 547 541 344980533
532 528 524 569543162
140 132 126 293485861
444 439 436 239615833
916 909 900 659965067
909 900 894 419642939
844 843 841 309622432
931 921 912 245479573
19 13 11 290177907
790 786 777 539728351
334 326 323 470891388
752 751 749 186708949
164 163 154 883558820
325 321 315 860848623
214 204 194 558866851
231 228 219 265438425
244 242 241 860298176
362 353 352 201233683
45 40 33 784061580
144 142 136 257876355
360 350 340 321912530
261 258 251 483828616
132 126 122 293485861
711 703 701 474961434
148 146 140 107968271
111 110 105 448939770
836 829 825 405740280
731 722 713 948209007
659 654 651 470536918
434 425 419 570339261
246 236 226 276857308
216 210 205 772578351
945 937 935 460965713
730 722 713 515704015
572 564 557 719882673
972 964 960 326614657
559 552 546 457296015
504 500 495 615988500
684 679 677 460079662
762 752 751 186708949
701 695 693 958813459
604 603 596 132877544
783 777 773 821327852
670 664 661 471986004
770 769 767 613529900
392 382 380 415276974
698 696 693 772225580
713 710 703 474004807
561 554 551 786922184
210 205 196 541406504
329 321 315 122473639
22 19 13 475145071
657 654 651 534039892
877 872 866 482795073
966 959 958 364808181
712 710 703 474004807
10 9 8 554351793
520 511 506 214636635
158 148 146 104613950
905 903 895 412153069
292 288 281 200218025
776 768 758 175828713
414 412 409 793068096
299 291 281 500706134
948 940 930 583272315
671 665 656 295113937
591 584 581 199110856
190 182 174 973664768
254 244 242 860298176
432 430 428 615203869
579 576 570 878776926
429 419 410 219224776
733 732 731 547422865
247 237 227 427653720
682 680 673 534939461
640 639 632 271080902
571 569 560 365338137
820 812 809 362164448
303 293 289 671757683
882 880 875 706497056
353 352 348 202742384
103 99 93 91371151
396 393 384 408335819
985 978 971 720201729
174 166 158 782493744
86 77 75 554906970
508 502 497 208428220
388 387 385 546936226
644 643 634 415995956
493 490 481 163443328
221 215 205 541406504
807 798 797 528134111
864 862 856 509047762
686 679 677 266963793
200 196 195 549057435
592 589 584 442990737
661 658 648 608018373
154 149 146 883558820
204 194 193 363193256
43 40 33 608448541
304 303 293 254163909
595 587 577 569394824
702 701 695 474961434
49 48 43 608448541
921 912 904 245479573
656 650 648 608018373
157 150 140 260737004
666 660 656 298562374
252 247 237 427653720
279 276 266 492345475
590 582 574 597811908
98 88 83 205161273
495 487 484 615988500
869 862 856 198817173
643 634 625 188927034
44 38 31 665040259
147 139 134 644700115
802 799 791 553882388
654 651 644 470536918
8 5 3 420272005
161 157 150 515504991
582 574 567 597811908
377 369 365 362084917
380 371 363 807754909
642 638 628 595555595
808 804 798 367672923
71 65 61 175524943
975 968 967 123174396
369 365 361 362084917
268 258 251 483828616
605 598 597 200660309
900 894 891 659965067
120 113 107 912398722
345 335 329 122681757
24 18 14 774812229
127 123 113 762551701
306 299 291 500706134
506 505 502 267750974
575 568 566 248386344
856 854 851 475711811
986 982 972 796140070
941 931 921 626551676
717 716 706 200300857
930 928 922 385556347
586 576 570 786415066
971 961 953 473898422
141 137 133 537582428
800 795 790 787945315
581 576 570 841860925
339 336 332 453315758
658 648 646 686436800
965 961 953 647016590
394 391 388 742247457
122 119 114 440526169
507 505 502 350966636
689 684 679 460079662
472 464 457 738162644
270 269 267 558357252
674 672 670 132948262
624 614 610 177514921
550 548 542 97914786
831 822 817 430946611
842 841 840 309622432
768 758 751 186708949
485 477 476 232306584
420 410 406 506474435
347 340 336 341019372
462 458 452 847048807
387 385 376 837519646
94 93 88 226648483
483 476 468 157604604
222 213 205 324373188
937 935 929 529425394
21 11 4 465222052
445 444 439 239615833
185 182 174 421528348
54 47 37 305048016
215 205 196 532490894
100 91 90 538108235
446 436 428 747768633
509 500 495 382508001
940 930 928 583272315
893 892 888 653985854
199 194 193 363193256
283 282 275 534603673
564 557 554 812623291
868 859 850 632024189
557 554 551 812623291
999 997 996 468197228
33 29 22 508663785
861 859 850 632024189
75 65 61 175524943
987 980 972 735487909
399 395 389 759535451
990 989 984 267689141
741 734 730 458590862
951 946 940 780010832
30 25 15 578945293
81 75 65 757418379
197 195 185 607138726
62 52 50 547291871
322 318 310 916587916
72 70 67 214871316
603 596 587 302391005
782 775 766 207482901
815 808 804 367672923
415 413 408 782396482
739 731 722 948209007
740 739 731 415771719
791 789 779 101912784
944 934 925 116804379
227 217 208 471436488
431 421 420 506474435
826 825 821 956720773
764 755 754 431715985
775 766 758 207482901
406 396 393 594045057
289 280 275 918802503
773 765 756 308816405
837 829 825 397003057
979 975 968 38497254
769 767 760 613529900
756 750 742 427770412
992 991 985 80215767
50 44 38 547291871
243 241 234 789370767
781 771 768 303292048
278 271 264 495701047
947 943 942 841546595
896 890 880 790468321
929 926 921 648468005
102 101 92 858774763
598 597 589 200660309
112 105 103 113131468
697 694 685 584136386
669 665 656 263542655
932 928 922 385556347
281 279 276 492345475
403 397 395 813276551
271 264 256 522122873
168 158 148 104613950
133 128 119 559098372
471 469 459 702760097
314 312 304 357534461
442 432 430 615203869
422 419 410 188745484
553 552 546 457296015
897 891 888 736650931
843 841 840 309622432
338 333 329 831299703
946 940 930 877836090
411 410 406 594045057
817 811 807 608480549
824 820 812 483899376
181 180 177 556252055
151 142 136 302869351
391 388 387 546936226
307 303 293 474101597
866 863 856 198817173
175 167 166 743988006
911 901 891 729802360
834 833 832 813083705
672 670 664 132948262
795 790 786 539728351
521 516 513 471054261
969 959 958 278791989
196 195 185 463459310
430 428 423 479138730
139 134 128 575535036
91 90 80 296683006
774 767 760 506211973
319 314 312 361281351
939 931 921 151310308
699 695 693 958813459
294 285 284 585442226
558 555 545 693229070
28 22 19 475145071
576 570 562 573931754
732 731 722 948209007
273 263 254 458905055
568 566 563 248386344
967 965 961 647016590
469 459 453 420775297
160 151 142 493436717
894 891 888 736650931
156 154 149 806744711
258 251 243 483828616
226 224 215 532490894
173 164 163 112713938
989 984 981 146294258
574 567 561 786922184
287 284 277 750045074
55 45 40 204201387
407 399 395 244769673
80 74 64 156997420
525 524 523 82944523
82 80 74 402788386
626 623 615 811800054
499 494 485 314356945
456 453 444 112580877
192 186 182 400995962
537 535 530 824251881
366 358 353 399074465
680 673 667 865861156
840 837 829 341838880
286 282 275 534603673
938 930 928 650233556
320 312 304 351434733
466 459 453 420775297
957 948 940 583272315
981 978 971 335250007
463 462 458 847048807
934 925 922 385556347
313 310 308 973395051
482 474 465 265954038
678 676 669 94677139
32 30 25 225265468
193 187 184 400026648
114 106 102 440526169
119 114 106 465149884
631 623 615 811800054
187 184 177 426461806
453 444 439 62030990
627 619 618 819789505
409 407 399 244769673
311 301 294 310201138
527 525 524 528906812
566 563 560 365338137
213 205 196 463459310
438 436 428 747768633
850 846 839 274670942
146 140 132 293485861
361 352 348 249061174
328 318 310 935189182
358 353 352 202742384
552 546 537 897488528
600 594 593 229358761
321 315 306 447972507
78 76 74 390753113
115 107 104 549686163
167 166 158 743988006
76 74 64 390753113
818 809 800 362164448
638 628 621 595555595
260 256 250 522122873
886 882 880 444794946
585 579 576 878776926
860 850 846 201916846
293 289 280 880459370
265 255 254 326088914
184 177 172 426461806
51 42 40 409777063
70 67 59 272815050
426 420 410 173075825
502 497 488 267750974
534 531 523 82944523
927 925 922 385556347
980 972 964 326614657
962 952 946 280454826
876 874 867 169986891
915 909 900 362228337
52 50 44 547291871
425 419 410 219224776
134 128 119 575535036
473 472 464 613941132
529 521 516 748908036
954 948 940 399420058
639 632 626 585927905
816 807 798 616229641
827 819 815 251628842
814 807 798 612525330
745 741 734 256334801
267 262 257 635399715
494 485 477 274619064
229 225 224 957130111
884 881 875 537397573
539 534 531 448358896
514 505 502 267750974
648 646 643 686436800
418 413 408 510846133
374 371 363 807754909
346 343 337 530878512
540 535 530 624400591
524 523 520 214636635
20 18 14 527586554
735 729 719 571126047
349 348 344 460864227
125 119 114 751271158
505 502 497 267750974
191 183 176 311106626
917 912 904 245479573
793 792 783 543710509
459 453 444 239615833
859 850 846 274670942
755 754 745 322917558
614 610 601 445591249
695 693 685 958813459
683 673 667 429868883
74 64 56 156997420
963 959 958 278791989
754 745 741 256334801
729 719 715 571126047
812 809 800 594294462
607 599 592 519984155
565 563 560 365338137
519 516 513 420245505
116 108 99 101499306
88 83 79 226648483
284 277 269 823517769
178 177 172 606803079
599 592 589 442990737
588 586 576 786415066
615 608 599 163769166
573 563 560 365338137
84 75 65 937365448
290 286 282 501012499
653 643 634 711065328
978 971 961 647016590
152 150 140 665847656
479 469 459 420775297
563 560 551 365338137
794 784 777 821327852
953 950 949 473898422
455 448 440 522529337
474 465 464 336791755
417 407 399 244769673
211 210 205 541406504
983 977 967 258074967
892 888 879 842755103
484 482 474 336791755
379 378 376 945823710
871 867 859 598791108
137 133 128 537582428
617 612 605 404069704
536 535 530 395427446
219 218 215 794909814
515 513 512 471054261
664 661 658 769948265
634 625 618 118694013
150 140 132 293485861
635 634 625 153337470
60 56 48 116103065
811 807 798 608480549
690 688 682 534939461
606 600 594 523883854
974 969 959 278791989
675 671 665 354187667
780 770 769 613529900
721 712 710 392994316
651 644 643 534039892
879 873 863 842755103
240 238 234 702918720
961 953 950 577607345
510 505 502 322215323
760 759 758 590267891
201 192 186 400995962
942 936 928 508797021
195 185 182 421528348
11 4 1 465222052
269 267 262 875939888
97 92 85 408234538
925 922 913 385556347
357 349 348 460864227
250 245 237 427653720
710 703 701 474961434
89 88 83 226648483
851 845 839 566923619
333 329 321 122473639
555 545 540 624400591
570 562 558 573931754
943 942 936 841546595
829 825 821 420122010
889 880 875 706497056
332 323 319 694281437
848 838 828 592331488
498 496 487 189977612
437 432 430 706051924
777 773 765 821327852
489 482 474 265954038
257 248 246 635399715
450 443 434 390122680
880 875 865 706497056
27 19 13 164869035
79 72 70 487535819
858 848 838 455563416
885 883 881 321312337
810 801 800 832824085
23 17 7 574834092
822 817 811 430946611
274 269 267 558357252
650 648 646 643373766
413 408 405 510846133
888 879 873 896410356
612 605 598 404069704
881 875 865 393626353
400 396 393 286470560
343 337 328 622733479
109 104 95 549686163
203 193 187 400026648
750 742 738 427770412
716 706 700 492777794
172 171 165 77245722
58 52 50 610786192
736 731 722 948209007
423 414 412 793068096
206 199 194 363193256
693 685 679 610420544
813 805 796 120872165
143 135 125 751271158
65 61 51 175524943
623 615 608 98685799
373 365 361 101816758
272 271 264 143369501
628 621 620 420123097
875 865 856 198817173
12 4 1 465222052
935 929 926 648468005
209 204 194 363193256
542 541 531 344980533
609 605 598 607413458
709 704 695 823367360
166 158 148 104613950
677 674 672 266963793
487 484 482 355759977
382 380 371 597524810
104 95 85 549686163
544 538 533 176017851
371 363 355 811960564
608 599 592 163769166
135 125 119 859630982
918 913 908 605686995
171 165 156 213486173
233 223 216 322032175
436 428 423 479138730
596 587 577 302391005
301 294 285 162419429
593 583 582 229358761
960 953 950 473898422
26 22 19 508474159
408 405 402 465631139
803 796 795 497698622
622 619 618 209560327
356 348 344 457638708
61 51 42 409777063
757 747 746 800312745
819 815 808 367672923
142 136 127 302869351
449 441 437 477016108
285 284 277 750045074
344 337 328 627269582
202 198 195 317779767
435 430 428 615203869
908 901 891 429503215
771 768 758 303292048
220 213 205 541406504
973 970 962 717245415
723 719 715 571126047
454 445 444 826439266
554 551 550 812623291
530 528 524 675193602
383 373 365 101816758
96 87 80 505616654
862 856 854 475711811
42 40 33 761794968
852 846 839 201916846
543 539 534 448358896
130 126 122 649106683
655 653 643 711065328
47 37 28 305048016
984 981 978 527620509
486 476 468 163208281
601 592 589 478890500
9 8 5 554351793
878 871 867 598791108
637 630 621 697693889
177 172 171 77245722
404 402 399 650936080
901 891 888 736650931
715 708 698 513695747
516 513 512 471054261
920 917 912 606652841
700 690 688 492777794
792 783 777 695876010
620 615 608 27884338
903 895 892 412153069
412 409 407 244769673
224 215 205 541406504
155 146 140 529709671
330 324 321 830524257
37 28 22 351787219
660 656 650 298562374
305 296 294 585442226
497 488 479 392118727
772 766 758 207482901
785 775 766 207482901
833 832 824 813083705
583 582 574 193465371
801 800 795 832824085
501 492 485 427283856
99 93 88 101499306
309 304 303 254163909
761 751 749 235204069
928 922 913 385556347
492 485 477 274619064
441 437 432 706051924
538 533 524 675193602
447 439 436 164125028
681 671 665 354187667
451 442 432 569777305
481 474 465 336791755
66 60 56 452506412
828 824 820 483899376
726 721 712 392994316
696 693 685 772225580
694 685 679 584355849
34 24 18 854236804
863 856 854 475711811
124 121 119 939879405
665 656 650 295113937
830 823 821 642354600
118 115 107 937077123
738 729 719 499034283
846 839 838 819127687
255 254 244 699044785
753 746 743 268614077
996 987 980 735487909
512 507 505 554909926
460 451 442 569777305
797 794 784 528134111
779 778 772 131482506
176 166 158 603156329
853 849 844 302778404
372 371 363 807754909
518 510 505 333023685
743 737 732 547422865
926 921 912 634626594
577 573 563 734940210
613 611 603 522442835
616 615 608 811800054
67 59 54 214871316
924 922 913 638180810
468 465 464 112596577
288 281 279 200218025
991 985 978 720201729
556 552 546 457296015
186 182 174 401064892
906 901 891 702811850
584 581 576 841860925
237 227 217 471436488
386 376 369 402800322
936 928 922 385556347
610 601 592 478890500
722 713 710 909176212
236 226 224 473542733
138 135 125 751271158
46 45 40 352367723
277 269 267 823517769
316 313 310 973395051
136 127 123 177273222
692 682 680 534939461
317 307 303 130113525
90 80 74 513652879
208 203 193 30854997
296 294 285 331349665
804 798 797 528134111
517 513 512 554909926
180 177 172 490535189
949 946 940 583272315
676 669 665 94677139
443 434 425 570339261
245 237 227 500158955
531 523 520 214636635
488 479 469 461177296
291 281 279 876815796
718 714 704 823367360
385 376 369 837519646
452 449 441 477016108
832 824 820 483899376
602 593 583 229358761
475 468 465 112596577
31 28 22 475145071
36 34 24 879403884
746 743 737 63974090
370 360 350 321912530
667 660 656 298562374
464 457 454 837349817
335 329 321 122473639
56 48 43 116103065
145 139 134 575535036
500 495 487 615988500
228 219 218 794909814
578 572 564 431469907
872 866 863 482795073
276 266 260 492345475
744 741 734 454205027
153 151 142 468863003
950 949 946 577607345
458 452 449 586264289
898 897 891 320459455
259 249 243 283909554
402 399 395 465631139
528 524 523 569543162
363 355 350 811960564
212 209 204 700376217
1000 998 993 217338296
855 851 845 478383086
662 661 658 593689501
162 158 148 104613950
633 624 614 177514921
838 828 824 592331488
48 43 40 136726803
618 609 605 607413458
728 720 715 402120127
933 931 921 634626594
904 895 892 341042703
997 996 987 735487909
105 103 99 101499306
298 297 295 550404322
300 294 285 199128726
159 154 149 442571826
641 634 625 188927034
545 540 535 624400591
867 859 850 431362740
632 626 623 585927905
977 967 965 258074967
955 950 949 577607345
787 782 775 493933708
895 892 888 653985854
902 898 897 273227288
630 621 620 420123097
994 988 986 796140070
993 989 984 217338296
652 644 643 415995956
376 369 365 362084917
688 682 680 612655095
541 531 523 344980533
312 304 303 254163909
758 751 749 186708949
