1000 1000
556 922 96 247240976
370 478 526 363454712
150 642 778 518784471
643 799 624 143452980
802 129 973 753138409
199 215 390 501598040
583 526 122 48846823
854 611 985 605244939
49 338 443 128617908
273 232 409 244385789
653 658 559 488952689
407 210 464 433805586
585 90 940 614614430
200 884 818 521921080
983 457 603 299755631
570 350 295 461566868
609 503 254 671720465
562 204 35 393989895
211 880 71 196177234
998 704 722 806441293
192 425 828 258385909
708 822 436 583045668
497 409 848 473463386
735 999 519 620449029
73 253 404 802506337
621 800 222 507650014
341 629 814 717317844
814 806 185 500753385
768 818 797 595586040
238 304 412 550777641
59 3 772 353159855
624 893 929 342565460
74 302 1000 453170554
561 828 723 584091038
309 492 835 439378872
202 176 509 630405173
645 618 968 503114393
261 581 66 471657919
139 305 419 270599688
160 506 644 344819082
840 356 999 665662258
992 154 22 654877624
169 632 577 669488166
600 128 973 656110436
491 58 212 457214115
407 854 365 244528410
778 969 473 222235846
609 230 74 194499781
805 47 616 490823671
316 205 755 213209034
27 157 764 440198928
854 532 790 428040714
51 397 782 500533400
36 209 432 902012610
778 924 353 518784470
580 570 740 468772889
520 802 573 408638519
717 347 921 820571616
371 956 692 512438857
625 287 712 534093239
613 55 60 698281054
638 868 205 795525119
616 693 234 490823671
814 160 437 344819082
808 913 986 520479687
856 924 807 187319995
87 132 405 429074921
643 330 167 224985918
634 150 837 409824556
692 318 702 834770035
38 300 94 563771805
179 163 833 490406026
657 844 648 286652624
51 34 100 241253268
213 735 828 415441466
631 185 848 473463386
352 986 35 520479687
602 603 223 254598582
715 108 103 304086726
929 753 405 476356245
724 306 936 795456014
549 43 177 548419887
766 525 397 500533400
12 243 765 551616997
839 982 781 718891161
784 820 966 291019990
506 406 364 308643506
904 214 753 781808027
106 694 782 723412753
563 216 514 430733351
428 346 544 416540826
810 53 676 704089080
117 921 747 552074352
209 961 56 895032273
227 58 934 457214115
520 816 319 310573609
481 157 406 723111865
466 384 735 492736189
165 943 743 214331267
292 705 750 506088482
513 649 255 602864991
291 256 49 106479898
159 705 205 506088482
849 744 756 726920162
725 588 193 105448469
243 132 485 591441928
151 682 153 509569283
200 641 458 319385314
654 132 472 950783933
345 926 951 807275901
313 264 309 334950605
244 772 505 353159855
64 246 361 268397460
341 803 758 426979136
221 494 418 787495746
393 587 137 674793723
772 776 373 353159855
361 476 378 715259355
812 271 776 511540461
478 919 647 731280362
291 56 556 143542600
116 184 38 618776972
991 667 282 178488639
835 742 329 798284807
506 449 37 783052648
141 192 327 258385909
12 461 910 950801752
70 489 676 642962060
322 256 14 602061076
283 854 100 244528410
203 540 89 301297391
299 132 563 591441928
430 974 499 352627646
406 338 556 861357962
274 539 258 339699754
310 290 100 526616496
850 924 248 83791912
948 905 944 183749867
171 960 785 585253259
296 88 729 544457813
840 971 19 308184276
941 382 50 630065893
79 559 448 488952689
231 235 443 885075145
367 879 554 266051513
995 326 247 720532991
659 307 658 55765051
819 803 51 241253268
683 967 10 435773367
763 222 651 455382710
657 88 365 286652624
45 652 857 489533807
973 360 186 460827509
242 93 536 591918436
909 334 807 662174760
758 865 48 380689775
377 437 730 164939486
305 755 760 270599688
777 378 708 347001498
829 513 386 410355632
291 510 603 254598582
911 107 769 927789679
108 848 902 473463386
331 504 6 532338169
799 74 354 273101970
293 755 227 568111693
784 634 786 562876820
420 645 367 282263948
620 251 653 590938421
308 379 791 526146234
226 462 21 807789748
265 569 601 838786759
61 280 491 890666377
258 215 64 709789574
306 307 160 344819082
382 796 842 822111046
858 513 965 320624200
597 783 267 843687383
145 262 192 208108407
19 613 976 113531190
882 18 818 515958427
13 976 675 644789602
254 784 52 915551045
775 488 170 844711273
925 630 338 719031839
373 909 64 268397460
900 637 453 323129830
959 700 978 405129053
522 164 766 239443510
319 962 231 116834262
216 453 303 215385489
369 989 142 441366930
572 48 761 349967794
55 743 13 317479768
14 682 890 475357459
552 279 482 732579578
346 706 993 170432615
268 289 507 335716959
554 746 486 80710263
860 31 53 716905938
785 24 648 331944858
89 400 582 88042970
660 572 143 349967794
339 885 287 534093239
396 629 711 577207557
519 28 874 686743797
572 380 901 349967794
614 272 431 721176281
635 591 41 248639505
134 77 472 597571304
443 501 560 750438251
267 433 118 348765118
839 605 337 718891161
449 423 280 783052648
730 171 734 585253259
914 382 453 830120301
114 99 492 805887796
650 717 767 823631274
683 345 711 577207557
539 806 101 500753385
511 803 495 156109117
742 847 246 211385535
723 225 838 584091038
438 372 893 703452226
388 387 19 113531190
745 160 147 344819082
425 467 406 253921394
724 771 140 627760269
379 800 759 221275403
199 964 651 455382710
885 865 748 384634878
944 310 964 764330853
340 555 926 191567513
927 347 477 603724457
507 905 48 56192999
540 631 735 620449029
405 611 660 777620913
581 453 329 471657919
217 140 752 200427617
906 693 757 900218602
848 379 320 385714742
364 265 401 308643506
309 701 178 678451738
76 87 416 429074921
254 23 731 946248142
428 143 705 506088482
119 403 270 524300229
973 919 950 893955705
545 747 216 552074352
90 343 735 407611897
747 29 464 552074352
300 532 519 563771805
669 596 613 507668557
463 698 210 624705689
223 34 184 204854777
843 580 302 453170554
786 393 548 674793723
36 152 118 348765118
680 577 505 731913178
266 79 227 577571833
468 107 363 968812173
201 269 239 350608459
982 876 199 225442857
710 334 366 271062150
911 202 744 819393832
540 888 350 414209859
94 993 561 689281037
441 579 128 178245033
240 363 400 531746453
981 927 672 269326099
614 515 440 652709669
676 42 354 273101970
724 218 9 381079859
583 373 437 144400182
924 502 868 302837993
478 881 737 731280362
472 413 779 789705139
52 922 220 247240976
345 761 694 791047511
21 424 166 807789748
635 434 643 716966176
220 340 228 83652482
286 932 616 490823671
668 781 765 551616997
351 900 466 492736189
283 452 821 811782839
876 649 774 225442857
997 131 542 541263659
266 390 451 821230234
669 85 45 266072655
269 268 9 778739143
415 524 353 203650587
408 150 705 506088482
492 769 85 927789679
204 75 849 629149570
875 635 672 290567766
49 651 544 416540826
285 674 473 305096935
338 515 735 620449029
502 39 868 302837993
480 537 647 608607097
216 38 773 332769436
242 567 828 415441466
667 309 339 368789967
393 100 358 674793723
418 296 808 515349564
197 820 423 323884465
614 331 894 510853274
804 437 422 290655916
72 901 244 264624936
343 979 27 440198928
629 945 656 574768781
747 466 990 552074352
258 261 229 709789574
687 79 148 646594087
34 485 798 766600850
340 326 2 720532991
856 295 949 404622329
628 580 961 144701372
764 455 871 418830215
662 757 565 879002395
108 876 822 228927790
209 588 387 958464939
471 951 280 807275901
976 238 732 397289837
243 562 108 249920698
298 975 505 827527344
607 220 790 669786298
415 441 652 203650587
608 423 242 323884465
404 709 946 437704496
405 858 807 377840497
214 51 432 902012610
301 243 639 249920698
561 513 469 887341741
634 277 669 413187565
955 764 387 297273547
701 850 740 86688095
380 119 789 706260932
709 276 454 405473231
637 663 122 323129830
830 27 353 440198928
907 6 27 440198928
634 284 889 87236085
977 690 560 436838566
756 326 170 706302160
98 266 508 598901350
290 243 813 249920698
463 191 163 634912456
996 141 885 698072679
222 529 503 664694436
499 843 831 540647429
8 948 189 198459798
339 752 691 368789967
637 732 883 397289837
9 76 519 499074351
840 712 994 676501858
481 303 779 287376368
202 713 586 819393832
772 455 943 353159855
228 292 577 603957662
873 457 994 337233664
446 142 811 508755742
259 940 905 614614430
998 869 667 351027252
213 60 341 840511492
500 501 826 694475764
663 69 292 647778826
896 703 807 727107664
549 446 617 109036935
943 576 780 42522497
583 567 465 334168361
693 179 40 490406026
761 247 971 740683957
571 455 829 418830215
411 119 552 732579578
53 953 492 498711727
950 453 324 652824529
21 304 995 782919329
562 547 96 393989895
355 669 674 305096935
264 579 198 338155881
591 667 777 347001498
903 125 846 557551011
534 380 197 398272991
342 805 698 509696097
397 305 995 270599688
515 758 676 600944394
919 250 261 921628933
749 482 747 552074352
89 113 7 927421546
234 160 351 344819082
57 428 100 812451227
957 893 44 373227282
398 258 773 444388332
876 659 388 68276838
159 760 775 874284806
374 295 120 246387395
155 240 373 531746453
394 9 241 283827426
350 969 568 62573227
903 681 82 46621952
891 315 188 96776803
56 990 462 895032273
174 798 729 666084116
512 565 76 499074351
220 545 328 643787758
894 25 119 146117111
135 140 879 49748305
883 623 477 805637213
554 62 901 663623304
603 382 508 598901350
697 690 465 739329376
848 819 504 532338169
508 446 876 598901350
832 377 924 98744039
715 705 60 506088482
617 531 208 100719053
495 648 605 103425131
912 370 330 363454712
177 992 512 592901375
864 466 304 782919329
941 676 716 521074381
825 490 885 575893769
683 455 859 418830215
1000 756 912 706302160
154 344 761 791047511
990 156 933 828640506
895 592 196 266449374
613 890 53 698281054
890 889 284 87236085
517 515 595 600944394
436 733 401 416941475
213 766 964 361438307
663 426 453 215385489
536 793 149 610055750
259 342 556 509696097
19 879 31 436237276
143 20 74 340804774
712 406 891 224298918
841 548 115 540990528
435 332 314 652269801
577 980 16 487518234
918 289 821 705667677
662 706 839 502707329
65 801 470 816284881
239 975 676 350608459
7 804 821 811782839
995 201 23 71722858
84 724 639 777617379
925 748 736 384634878
480 21 17 467786978
791 229 682 509569283
175 598 726 585042350
722 553 17 177014095
826 824 316 226626905
351 217 735 200427617
267 94 584 630038574
941 313 127 334950605
633 382 663 647778826
651 707 833 455382710
716 785 260 331944858
996 733 187 698072679
823 810 590 675372731
521 758 854 426979136
345 306 425 795456014
913 940 628 614614430
243 90 534 249920698
200 55 491 89045575
231 129 476 824599523
604 603 600 318340010
562 652 140 393989895
16 412 178 472730088
277 725 158 296377863
280 283 591 127546103
661 614 119 721176281
968 616 918 503114393
147 576 111 425459653
466 443 666 230609331
521 640 531 669349140
829 610 38 167994347
671 7 805 744970554
754 19 516 142194195
389 441 244 264624936
208 434 52 389770681
495 833 296 544457813
122 148 110 646594087
163 758 281 289603685
996 90 246 211385535
739 689 349 847221814
972 578 380 547256571
572 117 679 349967794
457 224 229 412940497
497 815 919 845681108
482 963 328 781520453
202 55 319 89045575
400 883 778 518784470
16 769 607 669786298
943 870 686 90318890
142 116 647 608607097
276 448 486 405473231
508 454 936 827662792
594 50 857 573248181
143 155 625 545923335
305 231 265 270599688
741 685 120 336723081
829 746 270 205044332
219 875 135 290567766
511 752 428 812451227
486 905 847 80710263
614 245 722 721176281
181 168 345 930677504
482 323 890 713923385
37 378 11 230548704
125 551 959 727143815
875 90 780 96375341
811 64 774 508755742
830 253 710 802506337
396 697 383 690698046
32 780 572 349967794
176 977 117 436838566
124 820 852 291019990
802 193 81 408638519
630 238 577 550777641
67 616 305 490823671
658 612 697 477591819
48 121 857 49265136
416 261 480 467786978
693 714 251 590938421
300 173 149 817318969
293 137 915 736024246
204 427 922 629149570
750 516 518 303865204
752 652 630 662598064
238 127 968 503114393
863 490 77 597571304
771 342 148 646594087
295 639 372 935391093
382 288 737 859241122
204 766 483 629149570
909 393 224 674793723
877 226 355 543092019
105 92 168 506221646
47 151 363 621216254
609 311 636 170567340
691 522 129 333057286
38 691 382 333057286
902 919 544 921628933
829 597 407 518675588
23 564 964 764330853
547 255 375 587584084
612 561 218 477591819
630 20 511 340804774
328 694 333 319297784
51 642 140 241253268
77 174 216 597571304
183 569 854 849373704
672 980 413 487518234
835 855 338 439378872
490 936 135 158168599
337 647 378 190527542
962 770 993 170432615
837 144 529 218509394
711 473 571 570015432
379 260 118 348765118
675 538 299 644789602
233 588 617 934353619
990 265 165 214331267
989 746 116 312064158
78 757 305 454046804
458 579 563 338155881
682 916 570 509569283
619 91 915 412039758
298 301 110 827527344
425 904 924 253921394
923 78 305 454046804
911 163 943 234910202
512 211 114 677617918
54 998 808 455646990
326 222 240 664694436
430 882 294 310526846
936 498 385 532192757
104 774 116 618776972
441 668 786 321926733
850 339 151 83791912
313 193 849 334950605
894 731 637 323129830
730 937 906 366392256
345 523 519 686743797
468 775 538 810906277
317 754 743 583713398
730 844 46 556123742
132 93 201 591441928
95 45 704 390117936
253 755 691 333057286
303 616 343 407611897
225 637 780 323129830
311 272 588 810535611
469 634 62 562876820
23 578 199 547256571
815 904 878 781808027
651 333 966 319297784
860 32 497 716905938
236 2 894 308656455
455 346 229 412940497
855 393 418 515349564
952 316 526 213209034
929 226 563 883145885
141 757 228 163423231
876 153 469 225442857
708 114 773 583045668
761 445 65 791047511
790 144 955 577840228
121 996 746 205044332
604 789 835 439378872
825 190 122 100853125
381 282 439 213737523
999 787 233 391691865
969 122 603 62573227
973 931 553 259576809
129 333 199 319297784
107 400 973 893955705
348 653 958 436012987
523 853 684 405450303
593 155 145 490340373
852 550 653 144214616
309 627 950 739465291
282 583 425 52336728
948 816 406 322557504
941 342 820 509696097
891 934 845 37231593
775 964 152 764330853
380 138 660 497401314
858 73 870 253156989
10 829 445 167994347
129 258 845 709789574
184 552 35 732579578
918 484 458 705667677
81 46 188 515576230
943 994 636 439854072
861 450 352 612173470
155 737 404 437704496
9 516 252 283827426
759 906 139 881155891
561 234 50 630065893
504 363 648 532338169
103 816 335 322557504
274 136 861 316934400
853 549 409 244385789
550 989 687 312064158
697 333 235 739329376
994 582 640 905796208
111 45 316 213209034
494 728 491 632413987
896 735 542 541263659
971 30 408 611870547
888 977 229 414209859
969 943 544 62573227
200 947 862 521292150
471 146 895 300330571
312 234 554 85363138
174 903 759 666084116
521 452 181 865804322
954 70 993 477926002
749 207 375 587584084
652 611 919 777620913
600 652 932 656110436
50 903 741 557551011
338 721 103 615611240
755 300 667 351027252
25 408 495 146117111
158 91 420 296377863
648 455 136 316934400
66 34 121 204854777
308 467 760 657434958
459 26 444 647596219
340 601 254 838786759
136 63 587 537556072
743 391 376 317479768
928 524 642 657525931
488 678 815 668261059
844 547 150 409824556
152 733 940 614614430
79 59 523 116822928
665 364 206 749268895
808 197 685 398272991
593 283 191 490340373
973 888 142 441366930
722 325 715 304086726
387 283 568 22617396
209 850 581 471657919
326 85 113 943065017
167 131 52 517339379
188 191 302 453170554
423 176 624 302168066
865 822 145 380689775
899 644 695 343797069
120 280 58 457214115
821 583 554 36228835
109 273 276 236773087
512 666 708 230609331
62 483 117 869254978
670 629 854 681395148
268 391 702 778739143
958 535 702 596597349
609 401 255 416941475
760 454 469 842113406
131 548 821 787087890
542 70 76 499074351
79 871 296 544457813
975 710 134 274505570
70 240 362 531746453
914 740 133 830120301
231 438 624 703452226
684 368 8 375865688
124 325 183 562064485
228 542 184 541263659
638 519 494 787495746
301 830 794 206922523
825 394 471 300330571
716 47 64 268397460
357 519 885 686743797
238 158 243 296377863
477 931 948 259576809
34 320 255 385714742
50 453 492 215385489
89 391 298 521390209
784 122 381 316846010
830 726 704 390117936
648 464 396 433805587
118 332 642 652269801
819 674 1000 852595893
876 433 60 653242842
156 761 57 791047511
841 597 259 843687383
73 563 679 430733351
251 621 846 507650014
384 778 674 305096935
119 527 999 854407575
99 198 584 805887796
669 136 580 266072655
553 684 745 177014095
496 69 433 653242842
161 838 706 252389975
459 114 878 870080441
622 172 715 226890046
436 981 692 150667241
312 915 38 332769436
788 538 484 383261430
239 750 102 350608459
647 206 992 608607097
652 419 939 397319857
982 384 214 744648816
967 253 201 435773367
59 598 733 585042350
343 259 691 407611897
521 122 618 67022332
540 496 143 406082567
21 303 657 287376368
220 418 366 33037954
279 926 858 253156989
627 466 925 719031839
393 484 725 674793723
387 614 51 491896666
316 238 189 213209034
130 848 98 473463386
631 775 302 831573661
23 502 607 669786298
547 808 464 403050161
166 83 512 197090187
200 41 702 319385314
629 863 479 717317844
635 653 80 716966176
144 522 569 577840228
619 676 246 412039758
199 764 476 297273547
335 25 377 146117111
488 18 747 552074352
700 945 304 574768781
917 293 900 568111693
740 759 969 831804599
849 673 316 447142252
991 448 594 573248181
149 578 63 766046841
678 992 452 592901375
401 194 23 956304502
279 117 220 453813562
149 556 798 766600850
672 999 881 269326099
140 820 735 291019990
240 864 962 531746453
145 372 300 563771805
118 723 272 584091038
878 86 380 559498181
797 130 693 744651348
945 437 853 574768781
435 276 150 409824556
35 654 999 238354266
331 394 281 289603685
589 273 260 313212385
205 742 297 959859294
498 736 29 300585889
486 195 778 80710263
767 701 916 584401499
686 160 608 180037373
754 484 170 583713398
429 278 699 328608228
212 401 453 416941475
325 895 659 55765051
711 800 506 221275403
720 782 107 967888201
128 996 344 205784766
882 421 19 515958427
73 299 643 884708577
202 193 373 144400182
654 676 174 666084116
246 442 422 609291561
546 804 805 237042985
818 562 466 492736189
991 938 157 338437270
295 961 744 437196411
667 484 994 842449377
13 499 525 766009274
976 71 833 74448414
297 694 61 297176392
318 567 631 831573661
797 603 5 254598582
198 535 796 822111046
156 900 869 209262465
954 458 619 412039758
610 476 671 744970554
572 327 853 716964214
164 396 788 216221447
273 507 797 335716959
526 147 916 584401499
416 921 4 200413762
625 280 682 706868698
172 680 298 731913178
585 349 71 845227701
673 562 745 393989895
415 325 891 34207000
946 463 237 634912456
173 496 895 456126269
414 957 238 550777641
129 824 716 226626905
521 452 680 731913178
149 823 934 228007876
547 842 463 347616772
647 810 852 608607097
732 306 497 795456014
958 101 664 497628886
539 868 673 302837993
58 491 176 302168066
680 475 603 731913178
568 731 151 38922523
288 771 164 859241122
946 620 147 917687186
953 537 364 498711727
959 661 391 385362799
545 32 791 526146234
710 569 405 936753845
256 729 480 467786978
882 345 914 830120301
260 1 981 461874889
243 499 219 766009274
433 544 64 416540826
357 457 461 432230938
159 494 613 698281054
888 67 233 892034098
499 193 712 224298918
388 339 255 368789967
175 14 891 79238851
893 819 692 342565460
851 126 605 765853541
753 768 521 461110265
552 951 164 732579578
95 311 893 342565460
892 819 738 575374058
497 252 379 845681108
304 805 990 782919329
550 868 854 244528410
500 652 335 469529032
867 733 43 731786637
708 656 16 506280895
500 679 790 469529032
105 554 457 299755631
379 876 67 225442857
189 934 453 198459798
538 680 9 383261430
81 756 633 515576230
881 539 426 220532836
680 356 418 665662258
274 377 37 339699754
971 170 802 308184276
310 575 632 350855051
381 811 770 508755742
119 810 45 704089080
649 494 179 490406026
786 896 644 478777132
573 493 165 214331267
773 210 65 444388332
618 176 309 302168066
948 539 747 220532836
997 849 334 271062150
973 838 277 413187565
614 565 611 777620913
482 149 459 781520453
969 51 375 241253268
487 685 368 375865688
888 539 444 414209859
140 170 735 160103051
237 855 114 403649466
536 524 392 169794742
173 954 309 817318969
605 894 582 194099659
654 308 609 657434958
91 63 432 766046841
421 132 878 932093630
309 96 868 888716101
441 802 604 318340010
87 274 970 412839224
90 818 270 524300229
621 543 156 302393321
381 550 434 316846010
194 232 794 602838655
191 588 259 931845379
824 600 87 429074921
621 172 434 389770681
515 697 255 602864991
421 634 135 562876820
585 896 35 496950665
243 210 680 279584393
908 595 553 359994862
420 925 720 719031839
435 534 268 932434231
250 593 492 490340373
190 438 105 506221646
31 821 276 436237276
61 962 288 859241122
87 465 22 654877624
915 229 438 703452226
737 645 378 283231172
945 865 251 574768781
799 511 109 163440932
878 251 744 726920162
820 910 418 515349564
313 667 27 351027252
213 961 686 180037373
127 750 818 374093506
305 950 595 359994862
741 296 266 544457813
595 70 781 359994862
593 397 362 500533400
273 249 383 546424331
722 113 380 940772470
860 482 487 781520453
621 803 864 507650014
179 664 896 496950665
681 487 820 291019990
6 209 701 781555798
796 147 547 822111046
896 655 633 496950665
741 37 16 472730088
654 543 482 781520453
649 432 880 214436505
237 716 433 156085287
775 992 316 592901375
887 152 957 373227282
530 522 982 744648816
547 932 710 476814904
393 190 804 237042985
941 435 643 728547090
568 316 139 144254125
168 716 399 267065368
919 720 309 967888201
511 27 929 606216270
479 150 565 429395656
436 15 722 638042846
259 760 463 874284806
117 679 473 222235846
217 460 648 200427617
9 697 478 731280362
896 2 936 827662792
918 843 271 705667677
541 32 367 330431437
321 979 254 946248142
247 395 129 753138409
586 55 84 777617379
256 118 24 602061076
975 560 658 267667340
518 984 880 303865204
712 55 821 224298918
922 633 207 247240976
468 933 942 810906277
324 743 926 317479768
230 503 430 194499781
550 243 808 249920698
585 336 995 342034333
69 918 79 705667677
325 219 927 400088631
