1000 998
188 595 689 592674202
126 841 768 505688775
274 1000 351 565885054
767 460 705 439050630
61 626 381 387458774
607 444 978 618476232
264 583 900 850042952
53 722 698 40237254
482 112 552 162817181
242 545 956 648781127
964 186 989 830125903
475 685 786 521769463
841 768 13 478559108
409 443 70 535922762
763 276 229 458799410
154 339 146 698942789
150 997 132 677388506
361 274 1000 116417852
269 404 877 707478982
403 656 358 952150119
558 855 300 214515766
350 97 953 867071349
196 344 316 555808743
410 273 341 830456189
979 962 582 280712167
18 828 85 409723702
503 212 646 776854295
202 940 762 254643585
980 243 387 336159477
549 57 111 515458673
628 590 268 474809743
391 568 846 770530561
266 901 325 522272303
811 508 699 190059484
696 895 852 130703882
47 596 367 605343775
21 655 130 530155317
261 234 115 678402021
74 751 660 836831011
772 110 587 868045272
140 145 257 790019027
336 148 803 425330725
146 60 517 818756359
952 741 525 180970757
272 386 969 230287324
887 394 704 133853840
586 301 749 630011071
817 979 962 488481888
93 315 907 304243942
538 73 67 472480263
324 758 429 504684011
530 992 986 739034025
462 974 850 624179073
936 795 108 204397712
26 453 76 175786554
279 654 668 235244171
624 173 783 429452994
572 729 890 291205004
41 163 549 657955426
627 849 65 548264854
540 174 677 485398015
32 398 431 525817772
521 622 710 474520446
75 864 653 768889050
942 472 409 308067015
69 833 641 774704955
788 235 861 519411389
64 507 376 746269904
473 577 434 296050655
804 553 559 758600147
333 567 209 630980977
495 388 871 478035066
695 430 482 850538441
774 48 605 296255955
865 258 697 165023882
167 639 858 944225416
935 417 928 713231390
290 500 265 743082582
551 792 336 162310785
803 78 790 754111789
114 401 364 704841941
71 27 12 325916607
132 461 469 818576172
359 994 323 625156100
645 356 247 913503764
636 428 354 197479053
776 924 787 136221204
377 36 586 753694702
897 120 116 657486392
25 554 796 467612984
589 872 659 236598744
963 190 627 596809267
90 562 648 428549566
452 745 180 542147046
674 891 738 278881081
374 133 383 662331813
914 965 906 627823611
786 739 342 339308618
723 540 174 743667863
420 256 817 387919151
448 499 217 490695730
182 570 432 466516854
874 465 594 445851203
929 333 567 734469654
855 300 277 349428779
688 213 825 412794496
915 170 847 130020023
104 579 382 394684353
721 166 778 517017007
712 99 187 944404008
993 658 129 485739630
138 811 508 123713116
828 85 494 409723702
795 108 523 204397712
968 820 93 489610128
671 329 463 375578283
758 429 610 808492524
100 21 655 552918646
185 666 131 100619689
296 418 809 730077662
286 391 568 770530561
634 990 290 844546693
973 960 5 624179073
958 487 759 439840453
819 618 772 351813183
646 513 491 619497006
28 971 696 419202106
133 383 909 370148160
189 580 137 350844056
309 475 685 521769463
489 702 281 118482518
698 572 729 291205004
884 55 253 509646006
621 489 702 155511886
2 957 150 457320602
638 81 636 197479053
356 247 931 930154358
40 728 107 405534138
12 451 509 327120119
208 34 283 266336514
141 282 25 296556777
299 934 363 155433488
219 161 46 889997094
668 83 224 235244171
888 889 362 170248511
850 800 51 238505435
969 249 114 681644039
224 261 234 678402021
149 37 223 247493113
970 332 884 911406761
87 230 923 704436162
948 713 412 568406095
372 297 355 437697620
230 923 949 837841326
536 87 230 134446379
160 976 373 425265983
919 970 332 436192299
656 358 912 283427968
511 614 47 569216922
501 231 607 618476232
255 669 442 174665568
413 284 95 486212466
4 502 573 580136322
904 113 966 512242888
805 650 629 484408611
535 29 542 572133517
386 969 249 681644039
821 427 563 730568984
848 827 384 403337922
228 241 410 388331228
239 54 993 778727213
883 714 612 470040443
922 448 499 498158680
494 715 167 738205918
362 925 927 170248511
366 667 813 553892548
531 136 733 460812120
430 482 112 850538441
510 996 370 371169076
429 610 369 808492524
421 483 691 650102140
382 126 841 505688775
832 680 601 712799134
30 149 37 247493113
431 193 836 525817772
527 41 163 776594933
91 557 955 203825006
321 314 375 547179679
215 592 498 515635800
700 690 237 575316668
136 733 591 533198342
678 815 977 430356252
872 659 887 236598744
682 623 516 649714341
886 331 452 772514534
322 30 149 518825506
657 346 747 762580211
349 937 42 817274594
797 915 170 130020023
260 539 104 394684353
159 967 789 430119506
107 194 441 130334109
59 709 43 527511027
125 521 622 157419141
43 436 951 758887306
654 668 83 84654952
944 63 285 532613731
227 851 121 285899657
153 991 35 167219083
989 455 374 662331813
647 918 963 360239406
833 641 440 257851792
831 812 72 280869184
400 159 967 770219909
759 7 534 640344471
135 402 946 230275806
334 870 995 138048472
276 229 609 615947575
155 998 565 360280176
873 726 893 241469229
442 74 751 501604782
789 435 280 471457441
571 902 309 424066904
31 899 712 448623423
206 102 774 671141973
237 288 863 517615797
7 534 983 640344471
194 441 560 130334109
664 980 243 488481888
686 799 941 551527674
493 28 971 558062188
176 353 791 617685116
165 14 856 139044709
718 848 827 403337922
184 313 620 654828576
23 109 952 475361977
764 357 661 836831011
314 375 631 237283708
691 484 975 575316668
49 470 706 129719502
534 983 317 390948610
995 203 506 141930953
953 826 338 833897390
443 70 318 535922762
337 91 557 293050263
837 423 664 555829171
792 336 148 425330725
267 564 829 232967912
55 253 556 467612984
611 838 495 478035066
760 406 674 569685215
416 647 918 643791416
378 330 908 306693817
587 588 106 941506980
529 345 446 773066842
35 718 848 569534873
417 928 413 896737199
415 400 159 770219909
36 586 301 630011071
606 984 289 364145943
449 527 41 904647357
178 468 207 659916308
326 528 324 643275102
488 239 54 580593606
640 246 103 256758716
822 68 865 547588574
281 327 604 162298257
739 342 263 63697655
101 199 806 460286814
152 69 833 774704955
65 522 821 548264854
29 542 776 572133517
393 66 396 984339276
950 471 717 536270069
785 44 211 695392363
52 208 34 54921523
392 447 578 948903404
331 452 745 772514534
1 377 36 753694702
641 440 397 123275009
67 144 681 984339276
771 876 945 327265772
11 757 635 813771203
693 662 6 633716157
83 224 261 377769912
846 547 533 464153125
5 438 433 525817772
966 303 392 959021852
363 823 295 496727895
794 600 395 519557486
284 95 905 486212466
483 691 484 650102140
156 147 904 554725107
16 981 830 664342409
823 295 628 496727895
426 968 820 303083758
15 773 638 210399956
328 897 120 657486392
92 457 810 489610128
217 930 251 442913446
879 306 617 602377317
455 374 133 695154516
666 131 82 100619689
355 75 864 768889050
971 696 895 130703882
630 754 152 560745547
38 319 264 790568060
111 298 206 515458673
766 853 24 395158093
380 932 122 588566045
978 771 876 600387750
496 920 676 239631314
492 531 136 460812120
446 581 682 773066842
37 223 477 227118857
905 181 882 517319596
757 635 707 813771203
225 769 840 551136957
612 222 972 470040443
343 310 737 590294994
898 195 526 188416279
689 372 297 333906802
389 832 680 390633786
710 942 472 308067015
58 252 20 683576165
967 789 435 430119506
220 305 139 903808453
103 419 80 599062464
292 225 769 377769912
926 532 764 335445221
207 615 179 617973679
956 613 885 203825006
316 721 166 555808743
626 381 292 387458774
139 307 576 575453870
213 825 467 412794496
632 153 991 167219083
875 935 417 954242047
127 625 551 162310785
273 341 933 830456189
474 17 883 316417412
933 449 527 904647357
893 439 684 241469229
229 609 371 615947575
584 154 339 437219362
387 117 649 291835751
838 495 388 478035066
56 10 736 189115205
20 632 153 849565193
437 898 195 367948664
566 575 414 630457885
444 978 771 600387750
852 529 345 483772413
847 426 968 412723792
930 251 807 442913446
383 909 474 370148160
164 781 816 418315774
949 973 960 887516204
432 64 507 525817772
198 819 618 418224353
186 989 455 695154516
404 877 378 306693817
851 121 730 258061329
113 966 303 712661044
385 348 343 93138550
684 61 626 84881523
697 723 540 743667863
76 478 379 404673228
118 58 252 355386249
24 184 313 719179649
861 359 994 519411389
457 810 260 400066973
909 474 17 370148160
423 664 980 555829171
863 328 897 670730832
95 905 181 486212466
300 277 127 561441097
593 275 716 702505006
396 640 246 952654475
246 103 419 952654475
478 379 784 404673228
714 612 222 620253468
223 477 294 500130000
990 290 500 384184470
412 743 862 866846149
332 884 55 436192299
465 594 643 445851203
839 546 334 802203526
564 829 156 554725107
720 134 630 334043954
579 382 126 505688775
736 537 938 134446379
943 299 934 321242510
603 536 87 134446379
231 607 444 618476232
913 929 333 734469654
685 786 739 340758965
82 734 746 386217819
597 56 10 962018845
145 257 266 598777153
398 431 193 525817772
487 759 7 640344471
716 39 779 517017007
931 844 385 721610567
234 115 735 678402021
471 717 777 569534873
79 2 957 457320602
601 350 97 811024096
722 698 572 40237254
945 548 651 906538021
50 473 577 215098855
843 321 314 610967563
486 490 831 551639638
727 824 780 418119675
676 914 965 738303835
98 911 15 679585342
809 585 637 225849147
89 16 981 765800244
456 550 40 475154954
348 343 310 93138550
663 100 21 377823035
195 526 210 472802529
827 384 340 403337922
829 156 147 700827424
974 850 800 238505435
737 670 380 536687811
796 322 30 774326682
896 919 970 748210812
747 964 186 905315368
842 574 119 623862719
706 169 420 769032272
33 687 456 328175765
204 94 497 515635800
467 59 709 470533446
570 432 64 525817772
916 665 766 395158093
3 782 269 119147962
882 732 32 517319596
166 778 802 463699949
581 682 623 649714341
360 462 974 624179073
301 749 910 613553590
161 46 172 889997094
358 912 834 217522502
559 519 168 376467951
80 365 888 599062464
642 214 535 674660680
730 262 96 584658703
515 598 204 254452947
532 764 357 335445221
384 340 450 327120119
876 945 548 327265772
121 730 262 258061329
124 191 337 833809420
669 442 74 174665568
932 122 458 588566045
557 955 279 203825006
287 22 873 140927775
775 839 546 676832545
812 72 197 280869184
899 712 99 819087065
987 228 241 222221240
285 505 233 532613731
265 593 275 735718628
609 371 271 615947575
379 784 84 128969945
699 496 920 211236322
381 292 225 377769912
717 777 742 586716819
826 338 724 562989946
57 111 298 380262382
694 155 998 391583616
533 422 657 324118869
364 510 996 371169076
291 611 838 219224102
692 45 162 708570134
801 101 199 460286814
769 840 700 688029813
335 950 471 182299999
997 132 461 677388506
513 491 835 619497006
434 255 669 460099489
44 211 518 695392363
830 479 201 201390731
70 318 694 535922762
163 549 57 657258359
653 160 976 596352063
222 972 869 223627870
505 233 837 323261331
885 250 599 353644704
461 469 679 818576172
216 178 468 179677383
889 362 925 170248511
853 24 184 719179649
476 158 485 505081775
499 217 930 490695730
818 202 940 201390731
835 393 66 893776887
613 885 250 353644704
592 498 886 515635800
280 302 988 471457441
878 424 725 472961786
870 995 203 138048472
528 324 758 504684011
248 23 109 475361977
402 946 948 887516204
726 893 439 472961786
857 335 950 182299999
352 175 79 560359050
998 565 466 391583616
157 558 855 214515766
253 556 408 467612984
302 988 805 167511413
946 948 713 887516204
477 294 708 553706297
778 802 267 463699949
560 399 198 418224353
972 869 493 223627870
447 578 727 418119675
201 798 958 201390731
514 959 415 66424850
715 167 639 738205918
735 123 171 684638306
849 65 522 143911682
546 334 870 676832545
508 699 496 190059484
703 125 521 46181574
746 425 138 386217819
761 645 356 630752245
77 538 73 330616388
748 124 191 415211820
713 412 743 568406095
401 364 510 442415964
994 323 954 625156100
547 533 422 614209645
745 180 982 399028956
491 835 393 707891830
518 143 894 481119987
680 601 350 712799134
947 238 663 343280799
983 317 219 390948610
112 552 389 162817181
542 776 924 750215616
644 765 347 233332481
509 808 52 315092450
733 591 293 533198342
813 501 231 656935305
928 413 284 713231390
773 638 81 210399956
802 267 564 232967912
616 917 361 612987830
741 525 445 180970757
268 785 44 695392363
275 716 39 608475786
894 793 192 515299148
908 797 915 304243942
982 464 571 466516854
466 287 22 377823035
834 775 839 183007422
781 816 985 418315774
151 164 781 299293350
810 260 539 400066973
912 834 775 183007422
203 506 892 777707317
675 286 391 532613731
836 866 879 916138793
728 107 194 322543143
411 867 878 300004388
191 337 91 833809420
367 896 919 264939339
342 263 603 63697655
130 999 541 609641886
460 705 688 608506243
250 599 788 625239919
310 737 670 590294994
683 750 859 379437456
319 264 583 850042952
294 708 188 599388883
305 139 307 802936490
174 677 634 485398015
859 71 27 325916607
376 141 282 790019027
954 842 574 610967563
233 837 423 684773705
917 361 274 116417852
705 688 213 439050630
655 130 999 552918646
631 352 175 216133869
249 114 401 704841941
480 232 349 364865050
307 576 801 575453870
345 446 581 613772782
620 200 633 654828576
46 172 407 574712429
479 201 798 201390731
245 118 58 683576165
116 936 795 204397712
244 3 782 119147962
738 512 544 701299391
825 467 59 470533446
351 524 278 565885054
798 958 487 845317456
543 678 815 430356252
371 271 843 610967563
937 42 4 817274594
504 244 3 336159477
576 801 101 268980531
458 9 854 399077706
278 486 490 551639638
541 33 687 644459920
232 349 937 364865050
109 952 741 399044865
537 938 642 767014950
62 692 45 708570134
704 903 308 375289862
925 927 675 267126428
960 5 438 580136322
895 852 529 483772413
665 766 853 395158093
506 892 105 777707317
554 796 322 774326682
582 248 23 475361977
516 77 538 330616388
652 312 245 637511875
17 883 714 316417412
8 218 672 266658126
320 511 614 569216922
708 188 595 599388883
617 421 483 650102140
243 387 117 336159477
921 693 662 633716157
580 137 671 208969100
790 1 377 860494740
517 259 254 312999594
271 843 321 621585928
19 89 16 765800244
808 52 208 54921523
262 96 597 867071349
179 18 828 380052040
94 497 216 489610128
162 770 744 616849647
999 541 33 644459920
338 724 86 409723702
168 767 460 376467951
212 646 513 619497006
659 887 394 236598744
85 494 715 699625292
110 587 588 941506980
992 986 368 378437346
472 409 443 328850322
927 675 286 267126428
544 753 360 634020471
283 763 276 297185180
941 602 311 464919473
605 196 344 338831037
555 644 765 467612984
658 129 875 485739630
725 860 857 472961786
60 517 259 452643356
464 571 902 466516854
468 207 615 617973679
14 856 476 214515766
614 47 596 605343775
390 242 545 648781127
97 953 826 867071349
661 459 761 630752245
783 939 748 443765276
984 289 652 637511875
625 551 792 162310785
595 689 372 592674203
277 127 625 561441097
910 695 430 813157530
903 308 405 569685215
1000 351 524 565885054
629 701 944 484408611
498 886 331 515635800
800 51 881 238505435
311 804 553 758600147
750 859 71 379437456
782 269 404 707478982
304 182 570 466516854
787 38 319 378445549
115 735 123 684048985
181 882 732 517319596
327 604 98 583496295
354 752 185 108126745
9 854 11 545427760
951 561 220 758887306
687 456 550 328175765
131 82 734 401387377
520 272 386 537578053
548 651 619 906538021
395 151 164 438202419
573 584 154 437219362
454 794 600 216326573
120 116 936 249141326
63 285 505 532613731
144 681 140 790019027
190 627 849 596809267
711 961 49 206174518
602 311 804 540970034
329 463 8 412449416
598 204 94 489610128
806 760 406 824408679
840 700 690 688029813
556 408 326 467612984
869 493 28 419202106
346 747 964 905315368
424 725 860 475548890
981 830 479 261243500
388 871 177 618773031
205 921 693 189062186
707 720 134 288666715
729 890 480 291205004
815 977 403 619611642
552 389 832 390633786
175 79 2 560359050
864 653 160 768889050
734 746 425 578013400
539 104 579 394684353
662 6 411 617248084
288 863 328 670730832
985 227 851 325846566
906 818 202 201390731
134 630 754 484408611
428 354 752 626633355
10 736 537 134446379
497 216 178 515635800
78 790 1 754111789
445 157 558 401104956
752 185 666 100619689
315 907 296 304243942
871 177 756 140592454
988 805 650 593923142
845 624 173 39592191
172 407 755 9826858
780 50 473 216539834
749 910 695 749323505
507 376 141 790019027
880 740 90 340942298
214 535 29 572133517
469 679 874 140927775
939 748 124 415211820
210 416 647 643791416
567 209 916 472802529
574 119 26 623862719
425 138 811 245068299
525 445 157 401104956
197 589 872 419728768
594 643 437 367948664
330 908 797 820441620
890 480 232 364865050
600 395 151 519557486
86 226 481 409723702
441 560 399 360657130
724 86 226 285899657
96 597 56 867071349
54 993 658 307274148
877 378 330 306693817
901 325 683 276409923
519 168 767 376467951
317 219 161 740042764
238 663 100 343280799
553 559 519 537578053
755 320 511 389980791
297 355 75 437697620
187 454 794 216326573
743 862 926 866846149
72 197 589 280869184
753 360 462 634020471
681 140 145 922362897
959 415 400 103917632
523 621 489 175751532
635 707 720 334043954
622 710 942 474520446
453 76 478 175786554
740 90 562 428549566
108 523 621 654828576
673 566 575 630457885
522 821 427 612921433
484 975 390 532437541
867 878 424 300004388
397 880 740 141248971
907 296 418 482631725
591 293 731 355243706
868 711 961 561699963
742 868 711 629159074
820 93 315 178814522
308 405 270 569685215
436 951 561 590689160
762 947 238 343280799
881 19 89 364228884
226 481 221 654294712
807 205 921 189062186
375 631 352 216133869
824 780 50 216539834
962 582 248 280712167
148 803 78 463699949
512 544 753 634020471
768 13 366 553892548
427 563 62 818643025
924 787 38 378445549
312 245 118 358023112
577 434 255 460099489
105 913 929 734469654
615 179 18 617973679
900 845 624 39592191
563 62 692 730568984
282 25 554 296556777
66 396 640 984339276
407 755 320 9826858
650 629 701 870106477
440 397 880 141248971
938 642 214 767014950
259 254 543 74302075
27 12 451 327120119
590 268 785 34185971
633 291 611 721869950
651 619 240 571496804
323 954 842 610967563
583 900 845 327829957
751 660 92 836831011
977 403 656 952150119
193 836 866 916138793
545 956 613 648781127
599 788 235 625239919
854 11 757 731504140
690 237 288 517615797
791 822 68 547588574
256 817 979 488481888
143 894 793 452691240
399 198 819 418224353
22 873 726 377823035
173 783 939 443765276
51 881 19 364228884
218 672 922 266658126
844 385 348 93138550
856 476 158 470418717
293 731 215 212746854
211 518 143 481119987
142 88 488 170069704
679 874 465 140927775
170 847 426 303083758
920 676 914 738303835
209 916 665 472802529
405 270 555 467612984
719 53 722 163368426
550 40 728 475154954
241 410 273 222221240
180 982 464 399028956
677 634 990 430356252
568 846 547 770530561
254 543 678 74302075
263 603 536 134446379
368 814 236 361848578
610 369 719 430419859
13 366 667 478559108
438 433 128 525817772
451 509 808 327120119
295 628 590 474809743
911 15 773 210399956
418 809 585 730077662
235 861 359 427853031
940 762 947 472569393
649 943 299 85313377
619 240 183 449475812
816 985 227 418315774
459 761 645 630752245
84 987 228 160970657
122 458 9 545427760
934 363 823 758294387
754 152 69 734195597
902 309 475 424066904
252 20 632 849565193
117 649 943 321242510
341 933 449 832195358
68 865 258 319603657
526 210 416 472802529
435 280 302 471457441
561 220 305 802936490
996 370 686 541192201
923 949 973 704436162
353 791 822 617685116
158 485 520 529832492
618 772 110 851127896
247 931 844 930154358
562 648 530 428549566
565 466 287 360280176
858 304 182 802936490
422 657 346 614209645
303 392 447 959021852
569 504 244 466516854
975 390 242 532437541
102 774 48 593408108
965 906 818 295251513
439 684 61 84881523
648 530 992 378437346
784 84 987 128969945
137 671 329 350844056
344 316 721 582096920
891 738 512 596885819
433 128 616 638288757
793 192 176 515299148
251 807 205 281928028
450 514 959 66424850
199 806 760 824408679
357 661 459 836831011
672 922 448 498158680
502 573 584 453657643
325 683 750 841136889
732 32 398 609137691
770 744 515 373388246
129 875 935 485739630
976 373 606 323189751
236 492 531 335445221
585 637 135 197479053
406 674 891 278881081
862 926 532 354182345
88 488 239 580593606
313 620 200 460286814
347 608 165 112197632
183 189 580 26118771
485 520 272 529832492
490 831 812 551639638
799 941 602 540970034
500 265 593 735718628
6 411 867 512184082
670 380 932 536687811
701 944 63 654556604
961 49 470 129719502
639 858 304 802936490
596 367 896 605343775
779 142 88 170069704
45 162 770 708570134
604 98 911 583496295
373 606 984 425265983
169 420 256 387919151
524 278 486 318317224
463 8 218 375578283
588 106 673 941506980
744 515 598 254452947
221 703 125 157419141
667 813 501 367058105
200 633 291 460286814
394 704 903 375289862
369 719 53 222405114
39 779 142 474612259
660 92 457 683939873
171 569 504 684638306
470 706 169 769032272
123 171 569 684638306
370 686 799 551527674
306 617 421 740508082
860 857 335 310984202
481 221 703 654294712
48 605 196 338831037
106 673 566 875881328
765 347 608 112197632
147 904 113 712661044
866 879 306 793995056
918 963 190 360239406
892 105 913 782088720
99 187 454 944404008
777 742 868 586716819
119 26 453 393660787
257 266 901 522272303
34 283 763 297185180
258 697 723 165023882
991 35 718 569534873
986 368 814 739034025
289 652 312 364145943
240 183 189 381514195
318 694 155 382717507
270 555 644 467612984
414 31 899 448623423
81 636 428 652027410
419 80 365 768137434
575 414 31 448623423
955 279 654 203825006
298 206 102 671141973
408 326 528 643275102
365 888 889 369470789
128 616 917 638288757
42 4 502 781016527
623 516 77 472238638
709 43 436 590689160
339 146 60 818756359
814 236 492 765236606
702 281 327 118482518
731 215 592 212746854
643 437 898 206261381
192 176 353 617685116
637 135 402 197479053
957 150 997 677388506
578 727 824 418119675
73 67 144 766126424
608 165 14 112197632
340 450 514 66424850
