1000 996
527 924 774 540173899
415 382 71 188751360
884 463 698 125924043
810 890 663 324838547
366 94 515 666179824
192 778 279 847431254
769 80 245 922736826
529 115 418 778769842
446 715 604 875242794
160 625 423 424822525
877 194 974 556338768
198 70 696 237534851
8 304 726 470021479
496 953 866 314680870
247 314 133 322888796
225 872 851 760471606
305 24 667 441780827
728 152 174 161913498
113 756 289 268301185
760 935 109 274991708
907 567 23 581569232
474 986 769 844419671
235 367 259 558076808
981 81 339 250925132
57 674 485 760904965
325 421 202 556121787
129 367 354 87944701
44 11 562 568259758
189 706 498 345540253
371 88 908 799302399
422 854 694 270245466
690 221 728 253348296
976 994 889 733686548
167 697 455 33884712
321 716 635 208043867
124 387 8 420489663
733 450 463 427503503
321 258 986 615818697
939 788 440 708890470
51 503 120 529162424
598 448 59 455268107
507 375 207 400553442
658 28 174 487560271
816 895 608 911030262
452 853 1 581154564
398 756 366 666179824
647 755 401 660767407
458 912 249 956444907
825 312 413 175575117
969 114 121 591870340
903 716 356 730090804
83 673 899 116520951
341 767 41 284014601
40 668 266 253077703
818 156 652 551485852
123 560 365 753944850
305 701 308 804248808
246 695 968 480818177
653 527 231 671446685
109 286 71 274991708
402 976 244 917490153
789 461 923 320682082
92 152 25 193590185
942 714 295 459542312
964 661 783 86491408
949 812 956 559150032
51 261 550 529162424
566 185 753 331351809
436 618 354 405331242
650 782 6 614405181
917 308 352 562238104
472 420 192 263451021
907 139 12 367807513
314 161 713 477408448
944 88 388 867207370
88 494 49 930813450
446 825 382 175575117
578 21 235 587999800
472 461 709 256014100
709 437 450 120761160
508 755 507 676841108
50 693 783 295458139
221 356 808 541721683
383 4 14 824109436
423 214 429 424822525
11 574 97 609512045
295 148 176 459542312
183 223 807 640736010
857 780 872 734805398
802 807 208 721363540
342 851 304 699574318
443 47 438 212375415
936 22 173 544246610
46 272 27 439151771
462 275 164 529967646
416 100 73 619427117
845 680 476 826470372
644 864 311 827876557
802 370 375 705255215
94 255 298 712690374
934 303 721 726533326
94 666 846 919751499
229 601 489 623753650
329 111 480 711846038
920 30 235 169726917
478 927 451 450192265
622 157 77 771308890
612 292 494 928924190
624 308 555 262130092
852 216 934 726533326
785 221 716 253348296
865 554 177 618194889
285 958 239 349099923
28 610 339 173603731
788 400 985 231187410
200 8 128 113322071
449 631 899 200600764
147 21 639 640834798
651 483 363 523254616
719 118 12 740418316
188 883 86 262748185
983 640 904 583136584
343 411 151 384220198
645 808 524 544160812
947 351 263 342106890
173 328 861 767231354
846 376 960 733327786
185 852 625 349693387
83 233 7 356247025
536 719 463 427503503
108 404 634 171556557
767 191 967 284014601
72 827 855 250858830
562 805 485 568259758
625 822 24 49604436
92 351 938 331662013
356 789 271 506798620
20 114 352 634453297
175 674 40 924965160
399 280 430 705659975
575 458 545 665139170
771 357 874 554008296
384 171 274 163075447
335 518 720 698574997
109 846 359 663140627
998 86 174 487560271
274 291 950 380272837
632 761 126 626441474
308 245 641 830564293
743 722 756 110763003
66 636 845 715311105
806 156 218 484192469
802 614 343 384220198
988 500 23 766586241
981 589 47 621947792
732 213 541 303187042
468 980 856 788910071
495 621 743 402931696
796 570 115 778769842
749 561 84 125509792
444 168 179 566895313
567 767 238 496855535
482 282 383 232244165
138 98 469 734801061
994 450 152 282426685
488 103 729 756613263
280 218 109 274991708
405 588 587 336832045
803 982 117 211436054
602 450 501 282426685
718 36 237 745473699
277 951 266 253077703
806 922 551 244637714
499 231 394 671446685
517 66 672 630728882
950 11 67 609512045
655 612 321 617985848
934 919 14 726533326
711 424 692 208136861
635 89 350 528377867
881 508 199 489173506
237 91 480 745473699
496 191 841 314680870
937 535 235 465966926
829 882 63 41220149
790 284 787 485662343
112 871 980 728699970
382 584 675 730829269
96 949 479 386544585
831 390 293 229005488
104 337 980 869468149
27 443 426 106200367
88 931 218 930813450
947 621 30 342106890
861 27 79 777937642
298 18 396 353778757
639 428 316 352864076
399 462 129 720967476
429 834 519 688167406
676 734 283 511014586
583 693 421 295458139
696 426 932 147550497
812 895 664 592244936
439 300 287 258258853
531 435 934 726533326
603 570 135 195078019
914 675 599 921523605
408 225 699 864021218
329 803 276 711846038
625 892 154 42193157
114 805 665 291331346
893 921 244 94744826
31 810 831 324838547
912 581 905 522329504
342 324 488 756613263
712 877 160 371146439
83 924 745 116520951
958 721 963 625149629
850 295 378 532521918
840 439 730 258258853
853 636 319 664412362
229 276 958 623753650
941 595 834 688167406
201 322 396 817856001
835 403 120 62460556
776 506 685 800323474
488 642 381 756613263
703 5 285 279512679
884 351 219 331662013
128 643 205 357931775
523 339 138 367230335
333 562 708 568259758
576 698 263 378573083
810 945 320 626784646
556 857 327 734805398
883 962 845 498270480
11 982 146 156220043
951 888 797 283382145
472 144 672 892438118
814 631 624 667103018
997 402 250 908511005
822 889 438 583965688
670 333 502 376941458
320 531 100 786826598
457 547 196 684838835
988 504 645 800392900
63 836 683 766164854
540 633 708 295162947
180 219 533 605173518
93 417 61 313452936
789 855 46 320682082
199 673 55 201245793
277 574 232 438454281
822 249 665 257714919
711 824 594 621570802
710 839 34 198128036
880 17 27 664929448
144 525 152 625751213
734 686 873 377604111
802 626 331 198366170
273 878 106 520994742
346 223 472 388835503
216 293 750 557266686
823 566 980 477996307
265 325 582 590263523
862 25 941 209233215
243 659 71 188751360
18 337 751 531556252
944 576 560 378573083
440 411 161 477408448
296 630 10 695668364
391 809 292 157966820
437 806 825 175575117
234 358 97 158230399
474 819 226 699009772
661 217 434 396087608
777 346 627 633701014
307 773 962 359728103
946 170 913 929194817
692 82 17 664929448
592 206 662 133757744
223 790 375 388835503
612 876 514 928924190
286 975 13 918039415
121 735 901 305240435
664 823 623 477996307
965 83 459 195870838
743 776 514 772027003
268 389 297 321502730
593 722 992 607834084
799 639 665 257714919
703 239 123 322989269
685 238 923 496855535
516 344 282 742712980
722 756 614 268301185
801 971 612 928924190
108 769 418 428443018
553 306 114 634453297
127 778 329 818412533
753 404 847 171556557
701 311 427 827876557
766 722 308 110763003
734 293 601 327475243
433 531 990 578189586
151 958 843 349099923
354 511 416 204328809
916 831 869 539192509
851 758 85 699574318
955 773 254 298272597
922 377 59 373421312
982 699 945 626784646
867 116 107 588658734
347 937 198 720197427
691 281 113 451379029
527 556 452 581154564
178 376 285 450255061
337 772 574 734952720
41 791 991 429519183
498 304 71 311980087
727 908 623 399487750
933 50 900 539012797
153 701 740 924587650
466 688 54 644542068
7 97 212 356247025
534 218 287 480843743
545 742 50 539012797
524 994 165 688667572
534 692 125 654331506
231 433 5 194070621
250 459 745 618427492
423 416 169 424822525
366 837 335 698574997
100 66 234 158230399
858 482 625 167125561
462 460 499 187661002
410 809 465 140339186
946 995 291 380272837
904 210 947 342106890
630 824 999 708672598
923 139 997 403670592
640 76 620 718992271
962 696 524 498270480
619 437 715 501590355
723 181 475 553501869
300 488 1000 236364460
391 800 299 419727424
966 327 585 285211738
363 484 37 523254616
72 999 419 708672598
598 382 296 24975448
544 645 688 476668627
554 144 868 902800647
681 896 496 483211559
162 254 492 752593552
208 950 8 842257974
133 92 511 204328809
156 450 409 354698452
985 396 769 817856001
144 521 99 320957810
741 193 114 383597636
981 538 213 477548486
423 10 90 424822525
623 689 705 755081059
463 618 534 467073989
263 433 910 554315491
362 874 599 584183970
310 596 236 524963513
845 110 299 419727424
441 114 480 634453297
970 294 247 311380210
643 397 42 311076546
968 539 226 100116619
911 463 168 566895313
233 569 51 529162424
107 398 689 802401479
310 647 307 359728103
291 627 346 633701014
527 374 392 498592390
238 626 737 220492364
413 549 174 487560271
952 994 218 733686548
879 599 178 300091592
377 325 521 320957810
275 597 402 803059750
638 557 268 332379693
132 732 992 401442847
859 254 256 482425933
539 222 115 375732926
219 187 861 770273034
756 647 199 201245793
45 274 259 205188417
632 222 616 626441474
406 226 759 665824035
397 10 650 311076546
429 781 596 334310317
995 536 881 318448473
35 743 293 141428876
222 837 73 789817253
189 513 916 345540253
761 581 61 371622230
586 386 211 421386155
979 580 832 121930867
79 369 373 827810009
77 438 933 700025456
611 193 199 383597636
941 16 936 544246610
530 726 606 717341395
827 676 190 565047607
539 577 452 530984473
561 958 423 349099923
416 104 903 784673861
668 81 270 250925132
206 796 727 599781024
596 974 363 637400073
371 831 135 799302399
637 242 285 864374017
674 290 739 900357623
841 855 144 883638918
119 587 664 592244936
172 975 789 450631372
530 291 648 780022165
674 964 963 625149629
658 705 790 755081059
571 369 106 549592819
321 744 570 599776372
121 109 187 274991708
395 736 768 72868792
856 714 363 523254616
728 508 466 84302252
882 475 684 104181188
339 933 479 173603731
871 184 517 655387557
53 596 803 567367532
509 227 685 796395715
961 614 715 365475296
888 717 312 77409168
549 678 148 497719462
211 846 449 612328821
863 192 116 788613991
194 357 293 556338768
719 746 484 740418316
524 284 214 602974410
367 310 220 535394111
668 724 25 235134259
146 782 409 508300849
592 254 811 378030657
940 263 546 431752443
496 683 87 929938247
220 510 924 858009411
794 70 759 852951726
594 397 419 621570802
663 848 20 703780779
174 126 471 487560271
688 678 62 497719462
616 247 80 347229302
304 157 726 717341395
343 456 926 201108927
333 383 265 685629951
78 621 221 754233631
983 689 806 550918958
954 914 660 925939223
131 442 144 790721444
622 875 860 444479452
278 99 869 130348839
123 696 365 383851488
19 540 256 482425933
988 775 505 736002147
254 17 243 479337730
207 469 322 889404233
688 500 602 441321588
583 861 162 777937642
202 121 811 505778213
303 377 598 373421312
215 142 755 771186175
603 257 13 270982036
586 787 773 298272597
556 938 89 784118642
827 144 15 635637474
666 488 393 756613263
476 978 87 441904752
906 482 196 625783599
294 188 927 404915525
258 35 425 615818697
67 194 781 420743718
34 835 98 181638530
210 239 901 305240435
768 815 377 373421312
243 509 110 391907313
311 431 244 704490989
884 152 844 161913498
539 444 589 652239543
863 717 287 458362527
873 924 257 784361739
258 542 318 281172884
717 668 544 236874697
554 566 19 409659940
568 690 620 443590889
215 514 965 771186175
778 844 531 966986107
333 287 230 458362527
515 564 728 29368604
390 408 844 229005488
675 365 8 730829269
181 23 622 766586241
329 637 145 344161375
56 39 618 467073989
786 290 691 451379029
593 791 737 429519183
126 334 723 553501869
639 86 631 352864076
369 73 974 637400073
943 27 753 331351809
781 204 195 596253150
524 927 272 911990739
269 817 646 640867264
64 564 163 570202690
462 768 30 169726917
660 255 220 798578718
773 376 705 450255061
785 263 951 283382145
786 61 563 223612364
54 514 768 885695534
1 153 859 530551018
662 624 813 609185681
89 277 877 371146439
590 220 614 414397109
565 237 794 745473699
128 579 660 798578718
216 492 895 752593552
179 323 123 443807653
617 972 132 401442847
314 428 950 871206818
882 557 760 147387090
547 719 237 740418316
834 938 435 596387927
783 450 676 282426685
692 532 257 270982036
745 80 192 347229302
189 720 907 367807513
937 393 526 572633183
251 371 912 799302399
98 941 443 202008231
515 307 45 205188417
407 425 603 195078019
143 551 218 790009589
638 772 157 874994199
523 595 188 367230335
282 547 102 232244165
825 448 598 175575117
811 230 20 505778213
46 88 291 439151771
515 267 285 18815705
623 726 364 399487750
341 135 625 46373305
136 437 450 282426685
387 698 378 352471995
794 542 730 610274964
192 282 896 483211559
83 375 246 208627698
26 701 821 881186050
849 684 622 687074537
155 592 481 189934137
740 664 591 906253334
314 30 840 169726917
904 722 81 250925132
500 625 460 168342211
887 272 488 756613263
614 547 581 354792831
519 89 138 792364822
246 910 623 480818177
187 384 915 342978994
487 916 428 71054176
90 652 611 702987878
520 493 312 709944805
596 764 281 917041851
57 721 263 602142139
302 97 625 21371707
538 107 113 322896415
106 837 604 789817253
353 886 765 419499545
117 323 983 550918958
966 25 162 662477560
857 70 824 714369194
492 500 11 609512045
605 732 684 186133848
262 28 824 2972186
704 29 252 846644135
115 779 576 778769842
326 865 121 514182896
37 286 341 362118297
70 363 586 421386155
527 701 231 671446685
949 51 16 607162501
214 786 763 602974410
45 561 322 205188417
375 417 374 208627698
789 495 753 331351809
928 710 28 555090482
720 380 335 655248201
491 984 20 438839796
589 378 13 857879636
442 817 557 411083909
948 263 306 774554681
397 575 765 748896593
489 513 35 634916892
267 485 156 354698452
5 829 181 194070621
935 228 953 334609635
573 828 693 295458139
615 113 844 322896415
434 479 978 94258848
559 934 165 726533326
548 798 533 98690149
1 154 169 221993614
659 802 418 428443018
276 321 378 806778616
860 736 852 444479452
842 831 613 254607125
243 286 311 827876557
590 75 178 318325528
320 529 851 786826598
858 861 945 626784646
168 207 314 705477018
146 536 199 201245793
982 662 196 609185681
102 766 425 631816854
359 8 689 663140627
870 311 600 139864702
848 504 514 983553987
50 368 529 812126311
577 827 848 635637474
297 561 775 321502730
47 813 672 212375415
351 292 897 457988948
875 859 863 530551018
649 250 742 786266095
51 580 921 529162424
725 445 818 887069908
648 59 289 808975302
434 225 795 882138278
994 656 19 409659940
137 593 907 367807513
217 399 425 396087608
148 992 808 607834084
532 177 199 201245793
334 773 669 298272597
534 548 472 480843743
103 248 260 366528254
914 799 849 687074537
18 706 784 179490893
803 788 321 369823648
993 706 727 599781024
59 103 232 642080175
231 855 7 356247025
762 363 158 523254616
255 502 131 790721444
421 328 957 632183081
869 35 280 539192509
785 725 304 470021479
654 408 116 700676315
236 55 761 371622230
777 117 16 211436054
508 198 559 720197427
418 995 649 428443018
300 683 250 716267423
784 500 946 441321588
451 877 580 428905431
565 670 174 376941458
788 942 332 479106487
463 830 194 556338768
562 725 772 887069908
234 446 599 905122271
681 619 231 671446685
523 48 553 466938109
934 583 433 45665020
420 836 277 119205463
494 887 257 388121865
500 338 809 441321588
370 366 379 666179824
75 173 916 215411524
906 414 7 356247025
797 849 233 661122153
987 880 360 786690095
984 608 519 552147052
508 980 180 676841108
124 842 380 483310960
432 790 807 640736010
226 585 616 285211738
127 17 708 664929448
12 11 418 609512045
238 129 13 496855535
894 273 57 651276518
645 631 294 200600764
736 751 271 506798620
664 375 386 259233199
212 465 206 457567497
486 964 440 677735582
457 25 909 923789212
13 382 370 705255215
349 185 764 666836874
840 666 376 450255061
90 953 195 311177397
582 124 516 590263523
547 530 430 705659975
456 32 739 456737084
518 115 516 778769842
42 125 256 482425933
591 428 631 871206818
563 315 62 223612364
334 824 746 180141490
887 512 403 561623769
670 826 37 362118297
68 552 7 356247025
420 686 769 162791588
55 932 717 293874056
460 877 3 371146439
859 152 186 530551018
196 637 270 419250985
423 986 969 591870340
435 105 325 510558400
289 276 228 718628257
837 951 190 283382145
975 845 842 826470372
668 602 322 235134259
368 1 156 354698452
283 964 576 378573083
459 734 776 618427492
595 959 705 755081059
391 934 557 411083909
241 464 375 157826404
833 443 385 524927075
1000 629 959 246824724
807 871 341 640736010
104 154 211 612328821
12 638 639 352864076
212 475 195 596253150
727 584 796 740382938
32 782 854 621034147
850 154 661 267195772
165 691 845 674343174
252 415 110 391907313
767 111 211 498371970
921 647 247 153309518
26 200 563 223612364
948 168 540 567837606
54 494 106 885695534
634 739 245 967366305
194 149 988 556338768
294 697 712 325517717
944 852 216 557266686
426 876 643 357931775
861 901 453 777937642
910 890 669 554315491
102 186 320 631816854
923 528 578 403670592
165 98 680 683997139
408 154 662 609185681
36 592 925 409609419
663 634 415 483810016
602 220 670 376941458
340 735 140 869376217
105 3 310 670603801
376 580 803 450255061
88 588 150 524916885
44 69 514 361025487
616 47 672 694390677
990 401 588 578189586
488 661 576 378573083
489 10 997 908511005
479 409 238 496855535
923 62 787 403670592
171 394 163 787562641
716 569 979 123290611
221 117 456 211436054
242 13 144 902800647
456 78 131 754233631
712 671 898 640827751
584 104 531 966986107
911 989 723 553501869
859 419 627 633701014
947 388 878 520994742
437 625 699 120761160
366 386 903 666179824
258 295 598 459542312
238 697 377 373421312
840 379 904 512152658
990 617 649 578189586
2 227 741 152279174
41 658 77 670620856
137 348 597 691584022
314 751 964 705477018
438 200 277 31567564
240 754 614 417271228
307 972 23 766586241
989 361 144 543420919
688 41 809 625945236
266 570 611 831007514
602 151 159 267550395
304 152 212 457567497
138 553 907 466938109
318 233 338 596635194
114 688 257 634453297
296 553 740 466938109
635 651 514 907716348
661 575 686 267195772
79 888 345 547414653
400 567 351 331662013
655 739 245 617985848
312 931 80 347229302
933 544 504 976843845
630 64 498 570202690
883 939 399 734690663
425 5 576 194070621
262 208 232 438454281
46 771 834 439151771
776 105 421 772027003
891 838 962 498270480
529 103 272 911990739
641 458 81 665139170
586 559 263 602142139
506 785 176 191557425
353 522 142 344806702
254 139 402 378030657
267 838 43 220837931
348 769 296 691584022
211 382 620 612328821
41 375 761 371622230
630 601 889 603289289
885 598 534 480843743
819 479 48 699009772
41 433 632 625945236
732 593 202 659112951
709 496 552 85368451
544 743 930 476668627
308 860 723 444479452
346 534 384 560265759
646 672 361 640867264
478 747 551 344664759
991 856 868 298928388
198 129 768 72868792
708 326 783 295162947
25 632 337 531556252
568 535 375 97817515
651 773 720 629327777
750 114 297 634453297
521 933 290 900357623
354 410 300 89825688
11 167 924 609512045
47 182 254 378030657
208 96 220 535394111
10 636 198 720197427
753 190 786 255775400
475 120 342 607059957
438 131 479 583965688
272 440 845 826470372
576 338 32 953642585
288 210 421 556121787
357 656 659 158386517
314 96 736 386544585
882 73 367 836086397
376 819 704 699009772
96 699 270 419250985
530 494 114 780022165
101 673 267 34249981
442 788 195 683873154
817 869 734 377604111
640 774 379 512152658
399 611 26 734690663
782 881 322 621034147
871 350 166 528377867
574 490 887 388121865
854 915 509 216430659
963 765 992 625149629
20 665 171 257714919
375 486 135 208627698
706 557 401 660767407
384 231 75 560265759
824 662 649 714369194
502 85 627 633701014
731 295 514 544371500
406 425 25 209233215
304 125 435 510558400
58 258 165 615818697
883 208 201 523304299
969 879 187 318994476
335 4 30 698574997
73 757 921 672485189
946 127 25 818412533
320 306 340 774554681
745 520 269 862701007
544 86 84 476668627
887 176 620 388121865
686 938 932 378862170
166 338 10 950845418
68 909 94 722876545
89 79 383 792364822
504 148 69 789301232
578 733 185 587999800
708 421 923 403670592
787 245 485 760904965
793 81 313 603509110
659 733 447 811157371
776 292 617 656152580
318 848 529 703780779
119 855 340 282118496
262 64 591 570202690
587 974 514 637400073
284 950 711 485662343
680 298 869 539192509
395 840 788 673149563
886 313 364 419499545
688 163 962 644542068
676 854 234 216430659
252 712 601 325517717
482 307 165 359728103
635 845 99 208043867
109 433 229 274991708
642 428 17 664929448
932 538 192 378862170
136 786 334 255775400
910 553 692 554315491
702 549 282 165679448
852 680 333 872466817
941 624 534 480843743
583 581 456 154841942
59 818 983 551485852
71 151 64 267550395
71 876 598 455268107
82 405 231 273737724
239 427 853 588863719
489 368 759 844513225
722 331 40 110763003
196 181 577 530984473
583 40 960 733327786
229 795 188 623753650
644 224 122 201957352
821 897 22 585395354
310 517 60 630728882
982 245 220 535394111
713 4 25 385826388
588 990 887 524916885
414 342 962 498270480
138 925 101 775183248
861 123 488 756613263
734 869 790 539192509
10 434 899 882138278
790 941 208 801816885
730 146 132 401442847
561 944 448 121911278
284 189 274 345540253
370 252 214 602974410
644 105 202 659112951
397 14 670 376941458
475 606 52 607059957
4 800 157 824109436
380 574 829 655248201
431 153 450 704490989
343 155 772 605382817
534 871 541 480843743
633 807 106 329990162
77 810 61 324838547
197 872 711 403498505
603 891 660 685880921
330 356 920 431784435
402 437 199 201245793
853 979 626 198366170
107 172 221 450631372
459 844 386 259233199
430 13 691 705659975
935 368 128 334609635
663 976 341 285645931
177 24 993 532229912
890 800 150 351195912
413 731 860 544371500
296 618 748 467073989
370 328 273 705255215
632 15 778 626441474
416 328 773 379746990
219 460 637 250077968
291 382 998 278110479
45 904 924 583136584
317 303 388 440725327
967 729 720 629327777
556 263 83 602142139
434 389 661 776645374
791 324 725 577659489
739 564 157 456737084
51 264 40 529162424
598 53 938 567367532
801 271 878 506798620
958 637 993 349099923
448 275 177 163225643
11 352 611 609512045
425 895 981 621947792
3 869 70 539192509
40 942 806 484192469
