990 988
723 217 736 529714749
380 396 260 409316596
716 401 619 788977572
232 40 909 164972335
323 646 767 742422834
71 268 229 498183446
695 825 949 605491713
447 539 73 644621097
420 81 160 368595699
425 287 797 536503051
385 36 451 515447677
952 980 356 506411673
149 355 67 955377149
726 594 192 703202293
123 883 855 403360586
237 222 790 807141266
473 64 524 278028452
391 587 328 670561631
5 44 948 346754114
446 875 652 518595025
707 467 113 344504319
737 734 687 395663564
511 485 79 248560011
984 846 762 161148677
337 412 414 619030761
8 318 691 380180015
178 150 863 264885706
889 313 189 523037369
250 869 686 168677482
532 349 371 713332538
64 524 987 718050816
678 63 866 267474120
285 46 601 711988535
599 57 86 170708279
489 698 919 730431073
732 20 679 393414923
442 968 840 216530982
833 300 943 427865511
63 866 962 392712769
48 252 721 255229985
705 144 83 339979867
783 649 978 711962148
212 247 455 821477585
173 25 139 670540873
971 964 750 721943001
682 870 244 205978070
516 14 319 240197885
22 348 475 718676349
535 54 464 220776227
777 386 425 548753040
733 517 492 713422373
310 514 146 614068654
670 265 622 925232768
946 715 898 653933115
951 201 559 550356053
547 982 452 345329023
37 187 914 504694455
4 511 485 248560011
736 377 495 529714749
431 336 65 531071809
784 132 498 750291223
541 101 773 479565213
407 434 864 166462514
839 332 249 401269408
892 554 664 385362267
747 810 629 296746782
90 513 953 949019833
893 303 233 595036428
13 334 774 320933107
196 130 225 400266153
136 276 792 708669928
289 768 382 554387839
538 215 384 486840717
338 756 510 365814474
633 410 470 974053465
262 623 600 661845616
505 665 154 501087937
482 168 688 192357055
434 864 90 166462514
207 306 177 509557321
395 51 394 450419341
367 635 916 449774797
492 718 430 400836375
496 525 343 685878214
74 553 563 245656327
592 543 11 364522781
294 561 147 283893794
85 125 941 266143378
641 357 520 665115835
673 91 814 542964482
341 505 665 555312222
298 162 902 778769658
648 316 935 655759187
312 977 4 423457295
50 816 399 399952645
958 967 170 416726992
819 486 704 930066822
166 819 486 218026662
560 245 958 251040529
231 447 539 213304053
101 773 725 820956119
347 149 355 484203495
660 901 852 690132502
345 839 332 531548394
662 842 782 581297999
157 879 143 491824351
201 559 420 550356053
960 759 961 498383183
190 673 91 489095352
643 560 245 251040529
23 193 865 595129887
115 246 857 193393507
759 961 378 498383183
240 860 545 629769550
740 765 888 210003990
990 6 106 554132482
221 871 104 781724988
450 752 657 740945025
226 353 53 283945580
689 568 465 613256969
426 656 365 219662853
500 93 372 536860445
91 814 296 542964482
579 783 649 525422547
526 990 6 554132482
962 240 860 392712769
192 428 684 446884651
29 478 128 219129298
556 625 210 565455965
414 89 70 468132906
328 297 910 641842876
510 654 33 859374472
107 421 713 472108286
467 113 312 423457295
724 922 531 807584695
931 527 183 627389033
758 59 49 269122302
930 577 671 375019873
88 390 305 653428680
752 657 140 244717818
698 919 751 730431073
141 468 460 284558563
390 305 808 709235236
459 134 404 401963144
806 479 251 557057179
118 849 274 406019071
513 953 320 937234021
509 8 318 905142170
73 675 662 581297999
617 504 528 420863802
557 972 830 166437206
923 482 168 327286203
39 730 3 353952887
479 251 111 419011077
290 957 578 306719386
299 574 534 150088644
315 921 241 637556903
891 951 201 543567523
800 301 818 507408704
181 437 542 559763800
793 806 479 557057179
129 653 375 230362334
295 959 159 483046155
333 218 61 799673497
687 191 915 142053042
403 631 273 318645397
844 69 35 873645479
210 392 68 545128548
669 826 828 554347166
520 239 597 452409912
894 427 157 192701688
801 496 525 645247081
382 262 623 593150751
325 487 100 509213897
234 227 710 551682498
199 208 726 342314992
171 99 302 208905872
957 578 729 306719386
264 848 682 230921173
424 373 112 302857286
870 244 633 459606479
314 508 795 648083021
100 264 848 989522619
680 940 374 899501173
932 627 503 59587522
54 464 975 580161111
903 573 884 459069519
915 346 537 347758490
735 223 812 105840572
6 106 345 649515249
949 853 521 829557932
816 399 481 448113741
119 459 134 401963144
636 932 627 522374469
798 763 754 395352879
439 116 267 243184637
853 521 161 913337963
106 345 839 649515249
773 725 690 383518990
929 164 376 511186608
650 748 877 262792962
124 235 717 869624813
133 642 109 288850791
692 529 402 466423259
433 634 120 785512047
654 33 60 937095738
674 832 163 760907846
51 394 76 450419341
448 571 221 426138463
445 494 502 321958692
481 555 897 600729695
627 503 588 59587522
543 11 200 364522781
954 604 969 83717560
588 324 124 758691753
418 477 880 608476561
355 67 603 955377149
2 188 408 161058514
398 281 566 393914542
65 92 907 873855093
28 976 741 480960502
311 610 141 588765535
850 618 269 269375956
554 664 327 293486750
275 156 835 656757292
852 731 850 260966636
908 735 223 105840572
522 448 571 279060287
288 893 303 668084086
613 626 889 523037369
663 755 397 220729897
983 632 363 336349720
53 469 255 722450906
16 873 984 424496754
230 490 785 774541592
855 693 442 403360586
263 17 776 635296228
907 369 180 753273951
257 802 881 158603896
508 795 551 648083021
307 277 927 461242912
685 337 412 376260015
252 721 381 150571491
867 5 44 346754114
99 302 936 310736889
762 176 666 60824050
760 75 533 781060551
945 78 389 561539796
846 762 176 60824050
679 275 156 356603618
241 184 952 490178665
605 290 957 548548174
329 801 496 645247081
332 249 295 333173083
286 335 699 912761611
322 461 98 578750616
922 531 331 807584695
335 699 203 746721880
805 739 1 443272028
435 780 711 244191829
814 296 298 542964482
10 854 640 404755886
331 473 64 278028452
14 319 358 507011509
436 651 417 503231852
865 409 326 532933683
681 395 51 450419341
656 365 522 279060287
906 598 2 407814768
947 766 593 782158378
453 789 270 240128343
544 562 22 886695682
3 129 653 230362334
753 663 755 748534918
774 705 144 812973591
963 213 708 547012248
884 702 432 755903889
607 351 266 280415803
703 501 87 469689024
302 936 476 314016292
428 684 590 446884651
274 135 34 406019071
869 686 678 143967435
651 417 745 503231852
655 749 918 355669276
437 542 405 530731947
271 31 317 454909934
885 103 284 323367196
358 39 730 353952887
146 292 368 757095300
342 74 553 100931283
528 518 403 632775932
717 119 459 786954589
632 363 311 336349720
273 647 385 608045687
113 312 977 354256582
787 536 169 826572971
809 55 803 40839421
876 354 672 509802102
967 170 784 581430418
854 640 58 450759472
843 580 105 715080652
168 688 236 327286203
635 916 96 621095229
261 586 823 314984202
444 695 825 595965532
782 596 444 52571413
763 754 894 420226338
127 443 872 881089775
42 685 337 874265574
368 9 974 166672290
661 47 13 188181844
748 877 674 718309109
186 370 658 634299107
821 548 804 359404208
796 930 577 263142038
69 35 743 452868256
218 61 211 242018372
542 405 933 559763800
594 192 428 522226480
203 696 719 746721880
246 857 655 193393507
291 234 227 551682498
564 307 277 411373341
619 440 694 687773807
629 439 116 243184637
59 49 661 188181844
720 589 10 404755886
301 818 720 507408704
581 939 772 658493180
811 707 467 895469644
970 805 739 726911797
455 362 727 779633056
236 659 322 686020218
813 778 118 575056068
267 474 80 113794004
137 608 917 487579201
430 926 454 617953167
72 712 261 314984202
768 382 262 554387839
456 592 543 586529647
973 607 351 680114895
935 480 114 854034423
744 438 19 734514929
921 241 184 637556903
406 931 527 730935869
408 667 380 409316596
409 326 882 756389433
243 824 205 211110541
693 442 968 144889219
304 669 826 547739949
603 196 130 153024831
150 863 813 459847989
939 772 115 658493180
644 446 875 591202171
699 203 696 746721880
421 713 887 367594146
138 584 609 450113034
754 894 427 420226338
912 515 123 156054459
280 605 290 548548174
287 797 383 411126456
356 88 390 653428680
934 989 352 301478106
718 430 926 400836375
147 541 101 479565213
626 889 313 561965751
728 314 508 648083021
185 212 247 667839557
803 923 482 192357055
965 583 526 104507508
108 724 922 757376727
67 603 196 153024831
534 32 271 420102231
215 384 530 767160856
924 770 204 766626054
386 425 287 548753040
324 124 235 869624813
836 540 419 248194647
561 147 541 283893794
559 420 81 368595699
959 159 779 615250054
102 256 308 811575319
213 708 27 942112175
193 865 409 532933683
802 881 876 158603896
872 360 56 626270408
251 111 95 272464894
539 73 675 644621097
512 197 614 446145689
608 917 988 612083733
354 672 250 277365218
609 595 837 812544731
305 808 126 690236138
665 154 258 509110437
886 552 798 605003668
96 173 25 794870892
497 166 819 199062344
502 415 62 786479186
980 356 88 653428680
866 962 240 267474120
20 679 275 393414923
863 813 778 575056068
770 204 50 570797370
725 690 299 383518990
200 238 393 655038934
639 637 602 649121901
52 38 472 631086340
577 671 896 638182479
517 492 718 713422373
254 981 979 291279739
614 379 868 518551890
270 450 752 179920839
623 600 391 661845616
227 710 913 689489783
364 422 293 201570431
278 644 446 591202171
429 942 344 230292301
831 895 347 484203495
413 606 488 157972497
93 372 845 536860445
589 10 854 365717812
468 460 499 907676927
357 520 239 897350179
714 815 338 755326694
490 785 753 936834285
191 915 346 347758490
488 834 758 645018325
904 764 84 218954013
683 43 102 704514011
164 376 107 472108286
584 609 595 484184415
83 799 321 458748090
926 454 971 721943001
610 141 468 619522298
389 523 648 256807274
256 308 771 636559920
281 566 122 393914542
350 127 443 89143142
151 858 955 525788191
824 205 272 240069995
229 738 575 779065430
873 984 846 424496754
961 378 342 100931283
49 661 47 301142272
563 728 314 245656327
46 601 152 703494695
194 791 567 543546767
702 432 329 763096509
206 956 937 221850671
35 743 890 157041701
460 499 746 747662135
143 794 288 706248231
722 174 733 675198749
898 216 136 593409480
914 838 966 140310081
159 779 809 888191378
247 455 362 821477585
163 506 433 785512047
111 95 340 355184731
808 126 304 690236138
402 45 400 467225170
928 220 643 458262480
590 535 54 220776227
972 830 788 140056576
940 374 254 899501173
465 856 965 549899551
909 620 565 635944563
593 458 692 466423259
248 950 617 391889361
320 572 946 733882857
474 80 579 113794004
121 278 644 369931650
553 563 728 54962332
84 441 912 218954013
162 902 243 449014057
475 639 637 609443313
524 987 874 796292113
306 177 350 509557321
518 403 631 632775932
109 903 573 450713419
948 737 734 395663564
359 630 138 850052937
664 327 339 293486750
419 424 373 271658453
981 979 131 937939343
277 927 16 411373341
242 547 982 629290072
70 714 815 755326694
820 171 99 208905872
371 928 220 509196572
376 107 421 472108286
195 519 155 475448343
987 874 42 926317548
235 717 119 869624813
222 790 970 726911797
321 851 219 458748090
841 30 581 681118387
659 322 461 622745173
514 146 292 757095300
401 619 440 687773807
362 727 716 779633056
862 793 806 709731010
765 888 723 130124300
374 254 981 963427607
828 509 8 905142170
749 918 435 239420195
344 145 413 479310904
667 380 396 409316596
97 142 181 714805993
95 340 77 355184731
116 267 474 243184637
165 257 802 745790052
198 411 973 940034678
26 621 549 705435825
515 123 883 194291518
576 253 388 333315735
381 963 213 371766309
764 84 441 490930203
370 658 740 634299107
260 701 668 878344842
300 943 453 427865511
86 237 222 807141266
282 703 501 574132590
375 279 811 603384540
485 79 700 406177070
132 498 248 391889361
977 4 511 354256582
372 845 611 536860445
975 202 615 828680356
316 935 480 854034423
657 140 650 262792962
208 726 594 703202293
470 904 764 358886714
319 358 39 507011509
982 452 760 45207450
741 660 901 964921026
845 611 366 467480255
45 400 591 544275946
956 937 628 221850671
188 408 667 866806424
807 947 766 743762417
548 804 172 359404208
676 516 14 240197885
555 897 867 390680817
440 694 954 83717560
751 636 932 616058100
272 280 605 240069995
686 678 63 168677482
384 530 242 629290072
715 898 216 653933115
24 781 670 491933682
438 19 960 682166337
615 416 21 253720282
611 366 259 467480255
506 433 634 785512047
690 299 574 383518990
791 567 489 785621389
417 745 891 177959573
918 435 780 239420195
334 774 705 812973591
125 941 761 266143378
849 274 135 406019071
265 622 41 415596629
443 872 360 881089775
729 777 386 548753040
152 198 411 769949163
451 599 57 170708279
197 614 379 518551890
815 338 756 365814474
842 782 596 506178584
131 182 920 597869795
537 463 224 179538581
900 822 491 459644465
259 807 947 768977852
476 66 624 364265961
352 423 158 646252757
379 868 697 518551890
700 418 477 608476561
825 949 853 829557932
988 557 972 612083733
397 878 775 147508808
343 829 861 538347149
858 955 23 643346815
933 289 768 686451712
11 200 238 364522781
112 230 490 732744744
349 371 928 691658553
598 2 188 407814768
974 52 38 163015569
881 876 354 509802102
493 341 505 425711173
877 674 832 522284422
838 966 165 140310081
920 641 357 665115835
128 282 703 574132590
569 689 568 613256969
134 404 133 460166588
393 821 548 585228676
558 862 793 577824826
464 975 202 828680356
578 729 777 306719386
788 500 93 281705216
383 796 930 181205468
31 317 431 96806151
182 920 641 597869795
857 655 749 355669276
612 291 234 551682498
463 224 361 179538581
174 733 517 962662689
596 444 695 52571413
142 181 437 714805993
400 591 330 779846448
530 242 547 695972231
9 974 52 166672290
688 236 659 686020218
550 364 422 201570431
621 549 484 357715179
373 112 230 302857286
484 906 598 407814768
40 909 620 635944563
348 475 639 692962906
239 597 214 452409912
469 255 82 722450906
625 210 392 565455965
238 393 821 655038934
78 389 523 582772043
917 988 557 612083733
169 325 487 509213897
491 569 689 459644465
901 852 731 260966636
32 271 31 420102231
167 309 97 606546106
211 843 580 524165894
494 502 415 602438413
175 576 253 333315735
721 381 963 150571491
830 788 500 166437206
507 24 781 491933682
57 86 237 396045555
120 445 494 321958692
483 983 632 553063187
276 792 800 788416042
585 934 989 301478106
968 840 72 122143889
620 565 85 635944563
756 510 654 527044879
130 225 449 400266153
441 912 515 194291518
775 207 306 348265498
377 495 892 385362267
92 907 369 174651720
979 131 182 291279739
399 481 555 600729695
293 985 407 893721261
552 798 763 395352879
875 652 71 498428771
536 169 325 509213897
501 87 37 104086869
233 944 570 739183491
296 298 162 778769658
591 330 929 779846448
600 391 587 670561631
739 1 26 705435825
228 429 942 32792787
531 331 473 422470291
776 507 24 569022641
217 736 377 596263775
416 21 886 605003668
746 827 847 543795022
62 532 349 837858033
966 165 257 745790052
154 258 206 501087937
919 751 636 616058100
631 273 647 318645397
253 388 616 573485951
525 343 829 685878214
779 809 55 888191378
911 544 562 877427044
122 820 171 804814871
566 122 820 804814871
160 110 556 299111631
755 397 878 220729897
848 682 870 205978070
568 465 856 613256969
616 457 148 633547800
480 114 209 834496068
145 413 606 157972497
55 803 923 40839421
750 15 466 458153570
458 692 529 466423259
330 929 164 511186608
840 72 712 216530982
38 472 406 631086340
624 817 194 364265961
847 285 46 711988535
187 914 838 504694455
668 456 592 732269271
985 407 434 560537991
708 27 426 942112175
82 186 370 648529169
378 342 74 100931283
98 732 20 578750616
30 581 939 681118387
778 118 849 575056068
649 978 786 711962148
574 534 32 420102231
81 160 110 299111631
346 537 463 347758490
308 771 924 636559920
634 120 445 321958692
423 158 436 571620731
317 431 336 454909934
454 971 964 721943001
645 905 582 306695210
33 60 493 859374472
351 266 836 159211434
890 680 940 488824633
410 470 904 358886714
769 94 151 587100968
910 323 646 641842876
17 776 507 577930774
68 359 630 850052937
170 784 132 581430418
471 757 546 273784888
897 867 5 390680817
989 352 423 646252757
864 90 513 949019833
767 925 831 369894297
365 522 448 426138463
595 837 117 887055180
180 564 307 461242912
176 666 986 376565428
953 320 572 793047450
602 462 512 446145689
730 3 129 229299108
696 719 833 408674946
219 787 536 230512622
927 16 873 424496754
1 26 621 443272028
549 484 906 707785370
573 884 702 459069519
47 13 334 320933107
326 882 683 756389433
103 284 744 323367196
978 786 538 711962148
504 528 518 420863802
745 891 951 177959573
936 476 66 314016292
220 643 560 251040529
640 58 483 636421584
955 23 193 595129887
652 71 268 498183446
61 211 843 524165894
916 96 173 670540873
899 333 218 799673497
832 163 506 522284422
712 261 586 314984202
104 199 208 342314992
580 105 12 732938991
551 471 757 273784888
223 812 387 748723802
19 960 759 851220356
684 590 535 220776227
597 214 190 326181815
87 37 187 104086869
80 579 783 525422547
172 677 121 369931650
412 414 89 468132906
697 294 561 820453542
205 272 280 211110541
780 711 232 244191829
529 402 45 467225170
177 350 127 89143142
43 102 256 811575319
404 133 642 460166588
427 157 879 192701688
851 219 787 635585811
224 361 899 629529557
184 952 980 814483400
449 310 514 599985122
570 945 78 582772043
363 311 610 588765535
114 209 398 797199789
461 98 732 622745173
638 769 94 774610423
466 28 976 424849932
938 263 17 635296228
503 588 324 758691753
411 973 607 940034678
797 383 796 181205468
606 488 834 645018325
148 167 309 606546106
856 965 583 104507508
255 82 186 648529169
826 828 509 554347166
94 151 858 587100968
309 97 142 714805993
888 723 217 130124300
209 398 281 788508841
905 582 195 255264137
158 436 651 503231852
527 183 178 427383011
874 42 685 926317548
244 633 410 974053465
105 12 153 732938991
601 152 198 703494695
432 329 801 763096509
710 913 286 882559532
360 56 48 550038726
27 426 656 219662853
944 570 945 739183491
533 859 742 400533260
562 22 348 718676349
540 419 424 248194647
630 138 584 484184415
269 18 844 801254851
761 185 212 667839557
498 248 950 391889361
135 34 612 563299103
713 887 175 407282621
571 221 871 781724988
860 545 315 939448287
727 716 401 788977572
478 128 282 219129298
21 886 552 605003668
519 155 908 697775735
279 811 707 317274936
818 720 589 507408704
771 924 770 766626054
937 628 179 843578033
546 747 810 296746782
214 190 673 326181815
622 41 900 449712250
284 744 438 682166337
77 938 263 696660601
706 676 516 289984242
117 681 395 763444807
586 823 706 289984242
225 449 310 474360593
25 139 228 660208324
646 767 925 742422834
340 77 938 696660601
731 850 618 221238306
110 556 625 299111631
139 228 429 230292301
672 250 869 241641568
827 847 285 543795022
719 833 300 433015833
785 753 663 774541592
204 50 816 448113741
283 638 769 792149367
812 387 585 805765957
604 969 550 593624322
896 709 613 675361649
879 143 794 706248231
628 179 137 843578033
303 233 944 966069812
986 283 638 792149367
249 295 959 333173083
79 700 418 406177070
859 742 911 400533260
144 83 799 339979867
388 616 457 633547800
392 68 359 545128548
575 367 635 449774797
76 226 353 291198386
878 775 207 348265498
786 538 215 767160856
268 229 738 498183446
587 328 297 670561631
677 121 278 338891951
618 269 18 269375956
902 243 824 449014057
583 526 990 422110664
336 65 92 531071809
202 615 416 904922296
829 861 497 420266791
694 954 604 83717560
245 958 967 161777230
757 546 747 296746782
822 491 569 488579501
183 178 150 427383011
976 741 660 964921026
887 175 576 367594146
950 617 504 420863802
140 650 748 262792962
766 593 458 743762417
743 890 680 157041701
523 648 316 655759187
415 62 532 786479186
835 885 103 656757292
12 153 645 565353989
545 315 921 939448287
156 835 885 656757292
653 375 279 317274936
189 108 724 327761707
895 347 149 484203495
313 189 108 327761707
795 551 471 612902089
457 148 167 606546106
666 986 283 943227615
153 645 905 306695210
969 550 364 593624322
161 7 841 839599362
742 911 544 877427044
75 533 859 781060551
734 687 191 395663564
361 899 333 799673497
913 286 335 882559532
711 232 40 164972335
44 948 737 346754114
810 629 439 286747707
18 844 69 801254851
7 841 30 681118387
704 722 174 954700741
738 575 367 779065430
155 908 735 697775735
327 339 231 213304053
565 85 125 266143378
823 706 676 428694322
790 970 805 329714066
15 466 28 458153570
943 453 789 427865511
567 489 698 785621389
794 288 893 668084086
883 855 693 403360586
216 136 276 698481718
36 451 599 174054456
942 344 145 479310904
58 483 983 636421584
366 259 807 659085480
60 493 341 555312222
66 624 817 411351276
34 612 291 563299103
422 293 985 560537991
964 750 15 583949141
472 406 931 730935869
817 194 791 543546767
834 758 59 269122302
804 172 677 338891951
89 70 714 468132906
675 662 842 581297999
637 602 462 609443313
495 892 554 385362267
396 260 701 132158066
647 385 36 608045687
297 910 323 606333356
394 76 226 291198386
126 304 669 690236138
353 53 469 562479200
837 117 681 887055180
572 946 715 653933115
487 100 264 989522619
369 180 564 76989779
781 670 265 491933682
56 48 252 550038726
41 900 822 449712250
499 746 827 747662135
789 270 450 740945025
521 161 7 370764537
880 29 478 739916080
452 760 75 45207450
701 668 456 732269271
671 896 709 675361649
861 497 166 218026662
179 137 608 692170856
882 683 43 704514011
709 613 626 561965751
642 109 903 288850791
941 761 185 422386347
405 933 289 686451712
658 740 765 355179168
258 206 956 232953771
486 704 722 930066822
339 231 447 213304053
772 115 246 597241456
582 195 519 255264137
799 321 851 635585811
868 697 294 820453542
925 831 895 369894297
292 368 9 757095300
387 585 934 805765957
266 836 540 159211434
462 512 197 444274482
871 104 199 695629979
792 800 301 708669928
477 880 29 739916080
