1000 997
224 221 215 685183418
765 756 753 345268843
880 874 871 547734181
796 787 778 764396807
480 470 469 896165180
700 698 690 500019202
450 442 438 667969122
151 146 141 549351752
819 810 804 186861970
537 531 527 310783900
884 881 873 888208832
590 588 583 659624517
152 150 144 323089371
618 611 608 428460405
398 391 381 554203154
86 85 80 380213171
989 988 985 521968847
851 841 838 171150635
268 258 254 119010455
527 519 509 506406207
236 233 232 24247945
244 237 227 266683025
627 622 617 455714884
636 634 624 57870966
50 41 31 259588988
388 386 384 625958664
316 313 312 803680671
83 78 77 313453575
422 419 414 494823021
164 156 151 880778027
899 896 892 177278576
11 9 4 305334053
579 570 562 313757842
124 118 114 486017915
387 380 372 44486731
944 943 939 155138640
52 45 37 494235288
758 748 746 610233841
771 761 752 670653523
242 236 233 19091613
361 358 352 278946341
664 659 657 500246768
743 739 734 428030189
210 206 203 684106573
109 102 100 753742447
642 637 635 450494213
275 274 271 669068679
882 878 874 745819820
546 540 531 846659506
38 31 26 259588988
893 889 885 815881122
626 624 616 67011596
630 621 616 344834085
995 986 979 217695219
573 565 560 428219424
968 966 962 281601172
655 649 642 670835849
283 282 280 584037734
172 165 161 649516907
346 343 340 287972498
340 338 332 602966810
772 771 761 670653523
861 855 853 633207389
766 764 758 510941790
337 329 322 313649446
853 846 839 355038849
718 709 699 405227579
347 344 336 335481673
379 369 364 718436392
443 441 433 240123888
852 851 841 633207389
99 90 88 516114627
139 131 125 605126261
623 615 605 498672460
114 106 105 486017915
385 379 369 517858140
683 675 673 388743325
550 546 540 568653962
643 639 637 450494213
928 922 915 195226493
750 747 740 301712612
273 268 258 83018423
916 906 898 230677222
587 578 574 531892393
845 838 830 386089151
412 404 394 509952089
395 386 384 828782114
464 461 451 344038853
817 815 808 580412351
947 945 939 294829928
732 723 713 803236778
476 468 462 246342535
365 361 358 461509066
185 176 170 873756196
810 804 795 186861970
331 329 322 591408484
934 929 926 207945300
261 258 254 119010455
662 655 649 133429130
645 641 631 602490644
652 650 645 472818985
708 698 690 500019202
128 125 118 499742035
984 982 980 409125398
564 556 554 266763863
875 865 858 500879622
938 932 925 509586978
910 907 905 762394617
171 169 160 649516907
525 515 508 425901395
598 595 594 454849024
148 143 136 452961452
496 490 482 559031829
407 402 395 404559100
577 569 565 428219424
264 257 251 645256425
323 318 311 522908443
867 862 859 673674633
149 142 132 549351752
296 292 286 586356383
789 786 780 764396807
133 124 118 598496825
951 943 939 155138640
955 949 943 877681121
63 61 60 266394870
218 216 210 473400839
769 767 757 500033039
141 135 131 751023338
442 438 437 667969122
725 719 710 349215249
719 710 707 349215249
400 391 381 547538034
864 859 852 49721454
791 787 778 764396807
110 105 101 608573396
868 861 855 606125133
280 271 266 803744922
150 144 143 411814367
848 844 839 620612724
690 681 673 388743325
307 305 296 347228015
871 869 859 71493416
946 942 932 738737875
233 232 222 789531250
897 891 884 177278576
909 902 896 177278576
663 656 646 76888718
12 7 1 630662710
535 534 532 601530790
17 14 8 88472819
887 878 874 515062800
252 246 237 119010455
846 839 838 171150635
161 153 152 116619204
801 798 789 778779577
933 923 920 162268202
461 451 448 644979132
65 57 55 542649415
286 282 280 180454532
666 658 652 859270906
784 780 777 568909525
891 884 881 888208832
667 662 655 606050938
508 507 499 235359453
364 361 358 461509066
21 19 12 400675478
696 686 677 805427903
145 141 135 549351752
381 375 372 547538034
682 679 672 624579733
551 549 542 945581612
367 360 351 581277775
770 760 755 210335659
177 173 165 514676841
267 260 257 698414752
153 152 150 116619204
870 861 855 651288206
997 987 977 217695219
160 151 146 649516907
426 422 419 494823021
556 554 550 278280149
661 657 651 340927945
651 644 639 114077901
972 971 964 777427706
201 195 185 721501674
500 492 488 358107949
182 179 176 630823331
93 85 80 315186780
681 673 669 307145839
591 590 588 652412357
975 968 966 207230515
762 757 751 321169266
717 716 711 516478794
901 893 889 698577312
620 611 608 725573336
684 677 669 337650037
228 225 220 777842082
924 919 916 230677222
694 687 683 593204841
435 431 422 284082129
592 591 590 827216918
414 411 405 732019193
804 795 789 406026632
970 960 953 537257427
231 230 224 886544467
191 184 181 523477642
318 311 310 803680671
635 634 624 57870966
877 876 875 119216197
298 291 282 702749123
68 63 61 266394870
66 59 56 764322093
674 672 669 307145839
469 466 458 849114415
335 332 325 688804747
983 979 977 695162056
822 821 815 451456123
724 721 720 241815593
799 793 789 412491578
301 294 290 633858952
628 619 615 365287531
680 670 660 622648001
310 305 296 924951077
349 345 342 287972498
653 646 636 114909708
511 507 499 235359453
829 819 810 739291842
906 898 897 177278576
452 449 439 708807906
193 188 181 603136918
962 952 944 307049299
843 836 832 891535745
820 817 815 580412351
774 764 758 500050901
460 451 448 644979132
885 884 881 888208832
918 917 911 458665876
839 838 830 171150635
676 673 669 307145839
74 66 59 689553270
122 115 107 392406236
689 683 675 293516950
723 713 712 803236778
920 913 904 299959915
657 651 644 114077901
510 509 502 506406207
828 827 819 739291842
375 372 371 23780567
297 291 282 786215564
504 500 492 358107949
396 393 385 540138337
348 339 337 331485294
377 374 371 682335114
213 210 206 473400839
134 132 127 445595558
353 347 344 278946341
471 461 451 729634801
528 524 519 358815501
595 594 590 663764691
437 429 420 444645784
295 285 276 536262799
55 52 45 799308041
977 969 961 207230515
225 220 217 335119167
382 375 372 524040506
939 929 926 207945300
369 364 361 718436392
802 794 788 560961750
547 543 536 778808853
187 186 183 523477642
693 687 683 462568821
519 509 502 506406207
257 251 245 645256425
70 66 59 501045690
514 509 502 506406207
768 762 757 321169266
993 988 985 988319376
705 696 686 805427903
341 331 329 480334424
611 608 604 428460405
466 458 450 540134694
490 482 481 215496971
344 336 330 434426507
692 690 681 439695085
800 795 789 406026632
489 486 483 515402859
33 28 27 698654450
981 974 973 899834507
162 152 150 323089371
566 565 560 82384047
216 210 206 473400839
931 927 917 777085413
166 160 151 649516907
79 77 73 533467187
533 528 524 358815501
923 920 913 162268202
632 629 626 547050392
291 282 280 798010054
744 738 729 562127505
809 806 799 261723794
507 499 497 472308253
502 498 489 515402859
707 700 698 500019202
603 598 595 454849024
826 818 813 379049139
720 715 713 755176665
747 740 739 428030189
926 924 919 207945300
475 468 462 246342535
919 916 906 230677222
669 661 657 340927945
281 271 266 803744922
219 210 206 712337309
167 162 152 618281683
147 146 141 827200495
735 729 727 528262054
942 932 925 509586978
420 418 409 615705331
945 939 929 245502689
447 444 438 717976255
491 487 480 812751890
350 346 343 287972498
445 443 441 751617252
126 118 114 486017915
112 108 105 754352738
45 37 28 698654450
46 39 31 581525581
454 450 442 667969122
386 384 374 729551920
764 758 748 521507637
58 51 47 538308080
56 51 47 764322093
594 590 588 663764691
446 441 433 343825588
493 492 488 565962571
929 926 924 207945300
77 73 70 313453575
23 14 8 386391813
472 464 461 729534726
223 215 205 886544467
849 847 846 355038849
418 409 402 615705331
322 316 313 886239621
474 466 458 785508108
91 88 82 79984994
198 191 184 518720215
873 872 862 528793272
530 528 524 49112426
542 535 534 701536030
812 809 806 261723794
837 835 825 902425548
888 883 880 547734181
779 773 764 521507637
872 862 859 528793272
241 234 228 780273749
792 783 777 117023143
90 88 82 79984994
117 109 102 753742447
424 422 419 434271259
423 422 419 494823021
785 782 774 500050901
821 815 808 451456123
250 249 243 984644796
463 461 451 111557949
969 961 956 207230515
892 889 885 756909094
704 696 686 176349718
243 241 234 209188472
75 67 57 470775213
638 628 619 341681750
783 777 770 117023143
517 511 507 235359453
53 47 40 407616199
908 902 896 177278576
131 125 118 605126261
557 556 554 571585662
827 819 810 658937509
807 799 793 412491578
625 620 611 725573336
526 520 516 526155419
71 67 57 501045690
154 148 143 452961452
721 720 715 392434115
949 943 939 155138640
569 565 560 428219424
487 480 470 812751890
37 28 27 494235288
648 647 641 119425990
336 330 322 793698790
13 7 1 630662710
444 438 437 717976255
226 216 210 52589150
737 735 729 433776318
380 372 371 23780567
130 123 114 86914868
15 5 4 618594116
967 961 956 261658406
421 412 404 509952089
194 186 183 523477642
119 110 105 736817300
217 215 205 525954591
425 424 422 434271259
756 753 748 345268843
615 605 595 498672460
486 483 478 329094934
538 532 529 308128724
697 691 684 337650037
701 693 687 462568821
248 246 237 266683025
54 45 37 494235288
438 437 429 656829131
357 352 347 278946341
890 883 880 570906475
338 332 325 664907621
284 275 274 669068679
561 559 558 672585947
675 673 669 307145839
567 559 558 672585947
532 529 520 308128724
78 77 73 533467187
449 439 437 241665796
999 998 994 494374419
176 170 169 981934931
688 678 668 176349718
943 939 929 155138640
368 362 353 278946341
570 562 552 313757842
831 821 815 580412351
431 422 419 284082129
521 511 507 235359453
761 752 749 967691648
499 497 496 545903345
555 554 550 278280149
170 169 160 981934931
59 56 51 866835295
932 925 916 496328846
403 397 389 625958664
433 425 424 434271259
738 729 727 528262054
484 474 466 540134694
903 902 896 139211678
188 181 179 93536886
952 944 943 302495274
824 821 815 580412351
28 27 23 440386080
734 725 719 390121828
836 832 828 777910388
966 962 952 307049299
554 550 546 278280149
342 335 332 688804747
886 877 876 119216197
658 652 650 472818985
190 187 186 348854512
755 746 737 610233841
979 977 969 207230515
156 151 146 915289342
589 587 578 622137393
726 722 714 845098588
559 558 549 471432873
576 571 561 864621712
1000 993 988 988319376
543 536 526 314633696
269 265 255 736301925
362 353 347 278946341
455 445 443 507814365
415 411 405 279913723
85 80 70 295184907
57 55 52 470775213
222 216 210 473400839
553 548 538 856706449
640 634 624 57870966
88 82 79 79984994
436 433 425 241665796
803 794 788 843405482
410 402 395 279913723
299 289 282 144000371
797 792 783 451522997
613 603 598 456915773
18 11 9 305334053
32 22 17 167829658
818 813 812 600126909
44 35 30 185151587
64 60 54 372557789
889 885 884 815881122
624 616 610 67011596
856 852 851 633207389
637 635 634 224691333
991 987 977 217695219
238 232 222 824798856
35 30 22 185151587
816 809 806 150366824
609 604 603 410824021
709 699 697 405227579
143 136 134 452961452
619 615 605 498672460
411 405 404 509952089
501 497 496 472308253
832 828 827 658937509
956 952 944 302495274
157 156 151 716342645
354 346 343 614842130
441 433 425 751617252
285 276 275 584611513
699 697 691 703811275
212 209 204 461022117
401 395 386 828782114
990 987 977 217695219
358 352 347 203744559
211 201 195 703426282
780 777 770 210335659
488 487 480 812751890
844 839 838 171150635
953 952 944 793066691
304 300 291 798010054
356 347 344 335481673
773 764 758 122937254
685 681 673 241044333
749 740 739 441390052
22 17 14 167829658
604 603 598 454849024
646 636 634 76888718
492 488 487 812751890
522 512 508 452849784
597 591 590 461150784
136 134 132 313114761
5 4 2 618594116
516 513 503 626597998
394 385 379 356638750
753 748 746 610233841
687 683 675 293516950
805 798 789 778779577
677 669 661 644276037
174 173 165 860764995
397 389 379 625958664
485 475 468 246342535
994 993 988 988319376
312 306 299 528202329
146 141 135 762332541
417 412 404 509952089
290 281 271 803744922
3 2 1 630662710
352 347 344 278946341
572 570 562 128147967
957 956 952 940290102
459 454 450 177005640
811 806 799 166704912
144 143 136 411814367
560 550 546 278280149
670 660 657 340927945
607 600 593 766313876
586 581 579 636856860
271 266 259 313880729
497 496 490 559031829
430 426 422 166147798
84 79 77 960336438
545 542 535 701536030
798 789 786 548230393
371 364 361 461509066
739 734 725 390121828
456 454 450 104540655
907 905 898 933272918
617 607 600 674174829
302 295 285 401826756
195 185 176 873756196
866 862 859 673674633
189 185 176 721501674
255 250 249 984644796
221 215 205 685183417
140 133 124 598496825
823 816 809 261723794
184 181 179 523477642
276 275 274 584611513
453 447 444 617501087
740 739 734 428030189
404 394 385 509952089
503 498 489 515402859
922 915 912 195226493
251 245 237 266683025
173 165 161 649516907
505 498 489 515402859
440 436 433 241665796
470 469 466 753272266
698 690 681 477191200
429 420 418 615705331
317 316 313 886239621
180 174 173 860764995
220 217 215 335119167
729 727 723 528262054
902 896 892 177278576
266 259 249 313880729
869 859 852 246546268
72 66 59 866835295
857 855 853 500879622
563 553 548 178873996
272 271 266 313880729
254 244 237 119010455
814 810 804 186861970
541 538 532 308128724
860 856 852 633207389
660 657 651 303672135
277 276 275 584611513
245 237 227 266683025
413 411 405 732019193
326 325 320 333447703
742 740 739 441390052
206 203 199 684106573
582 581 579 452239363
393 385 379 517858140
654 650 645 602490644
129 126 118 328539574
548 538 532 856706449
39 31 26 581525581
754 752 749 821536500
60 54 45 799308041
544 536 526 310783900
448 442 438 667969122
26 22 17 167829658
940 937 936 699093153
571 561 559 789092087
775 772 771 670653523
303 299 289 210061211
686 677 669 307145839
958 950 943 155138640
168 167 162 618281683
512 508 507 235359453
558 549 542 471432873
745 739 734 428030189
321 314 305 327007157
467 458 450 849114415
838 830 820 224885127
616 610 601 148899067
97 87 86 866527565
752 749 740 441390052
549 542 535 701536030
793 789 786 548230393
265 255 250 791719691
324 319 318 351607155
815 808 800 297108132
727 723 713 528262054
457 450 442 268951266
954 953 952 793066691
135 131 125 751023338
863 859 852 633207389
596 588 583 659624517
183 177 173 514676841
202 200 198 518720215
263 255 250 736301925
988 985 981 284421059
751 746 737 464669486
713 712 707 803236778
14 8 7 138270848
506 505 498 235359453
911 905 898 372861689
996 989 988 699967493
715 713 712 803236778
825 816 809 150366824
391 381 375 554203154
327 322 316 886239621
186 183 177 514676841
49 42 39 581525581
359 349 345 285201739
794 788 784 568909525
478 471 461 729634801
509 502 498 506406207
788 784 780 764396807
308 307 305 347228015
258 254 244 83292735
315 313 312 775850261
4 2 1 630662710
439 437 429 656829131
741 733 727 531147402
606 602 601 580672733
639 637 635 342396605
806 799 793 111748211
102 100 91 777929539
787 778 771 670653523
963 953 952 793066691
588 583 575 659624517
67 57 55 501045690
208 198 191 518720215
468 462 461 246342535
402 395 386 828782114
89 81 71 214566323
428 418 409 615705331
465 461 451 547076461
736 735 729 562127505
48 41 31 259588988
746 737 735 433776318
862 859 852 633207389
534 532 529 308128724
10 6 4 211843379
728 719 710 447376936
987 977 969 207230515
262 256 249 984644796
672 669 661 307145839
973 964 959 777427706
116 106 105 498478199
199 198 191 480551403
621 616 610 148899067
282 280 271 803744922
767 757 751 464669486
959 956 952 204364114
915 912 904 299959915
278 268 258 587959656
305 296 292 586356383
294 290 281 713755991
612 609 604 410824021
405 404 394 509952089
703 697 691 162584476
105 101 100 608573396
61 60 54 372557789
259 249 243 83018423
998 994 993 934481622
876 875 865 327509426
948 946 942 738737875
458 450 442 667969122
781 772 771 670653523
389 379 369 625958664
706 702 701 609859348
234 228 225 780273749
27 23 14 440386080
41 31 26 259588988
270 267 260 409675406
913 904 903 299959915
760 755 746 610233841
19 12 7 400675478
80 70 66 295184907
562 552 548 422200930
523 513 503 439230273
936 929 926 245502689
181 179 176 757478550
581 579 570 138620146
714 707 700 809476404
941 932 925 496328846
650 645 641 119425990
644 639 637 342396605
372 371 364 23780567
334 324 319 315614768
313 312 306 775850261
894 884 881 888208832
927 917 911 777085413
731 721 720 392434115
733 727 723 528262054
92 86 85 380213171
300 291 282 798010054
123 114 106 486017915
121 119 110 736817300
656 646 636 737218311
96 95 85 380213171
710 707 700 349215249
239 235 231 984718430
40 39 31 259588988
406 402 395 404559100
196 188 181 93536886
325 320 315 581744161
215 205 197 814025607
106 105 101 608573396
833 830 820 386089151
419 414 411 494823021
207 204 196 353441388
495 490 482 559031829
599 596 588 766532979
427 425 424 863164349
329 322 316 886239621
808 800 795 297108132
73 70 66 501045690
246 237 227 266683025
790 785 782 383422847
841 838 830 171150635
610 601 591 461150784
36 35 30 185151587
695 687 683 805427903
383 381 375 558881596
434 430 426 613810698
432 428 418 615705331
76 67 57 501045690
748 746 737 610233841
865 858 851 673674633
399 389 379 541035862
81 71 67 501045690
641 631 625 445116110
898 897 891 177278576
253 252 246 119010455
69 66 59 501045690
62 61 60 596559077
702 701 693 609859348
859 852 851 633207389
373 367 360 448456838
288 280 271 803744922
178 168 167 414521566
498 489 486 552016080
82 79 77 313453575
982 980 973 463933994
757 751 746 464669486
477 475 468 345512791
540 531 527 846659506
711 707 700 809476404
795 789 786 548230393
204 196 188 93536886
520 516 513 626597998
842 834 831 749821380
649 642 637 450494213
778 771 761 764396807
580 575 573 531892393
203 199 198 518720215
900 890 883 570906475
631 625 620 807572030
593 592 591 766313876
494 491 487 701550058
289 282 280 144000371
883 880 874 864086601
552 548 538 856706449
930 929 926 207945300
776 773 764 521507637
309 304 300 816107067
605 595 594 498672460
205 197 189 814025607
237 227 223 705039347
376 372 371 23780567
87 86 85 529830141
971 964 959 537257427
279 270 267 409675406
634 624 616 57870966
345 342 335 688804747
6 4 2 406769994
200 198 191 518720215
602 601 591 580672733
850 849 847 476528883
330 322 316 886239621
451 448 442 644979132
366 363 355 819911928
293 289 282 144000371
874 871 869 246546268
95 85 80 380213171
314 305 296 924951077
935 927 917 897891087
163 157 156 716342645
104 103 101 558767088
292 286 282 180454532
716 711 707 516478794
20 11 9 305334053
600 593 592 827216918
333 324 319 315614768
830 820 817 386089151
165 161 153 649516907
673 669 661 388743325
115 107 103 392406236
671 668 665 80589790
665 662 655 508709176
103 101 100 608573396
585 584 575 695083030
668 665 662 80655773
31 26 22 259588988
914 909 902 526569967
482 481 479 215496971
513 503 498 571730821
524 519 509 506406207
974 973 964 899834507
408 407 402 404559100
351 345 342 754665529
575 573 565 531892393
629 626 624 328624832
120 118 114 486017915
986 979 977 217695219
539 532 529 308128724
536 526 520 314633696
390 387 380 554203154
992 988 985 988319376
633 628 619 365287531
834 831 821 749821380
574 565 560 428219424
712 707 700 809476404
9 4 2 406769994
462 461 451 75464504
925 916 906 230677222
813 812 809 261723794
138 128 125 605126261
169 160 151 649516907
416 407 402 404559100
370 366 363 618070172
763 754 752 502214736
722 714 707 845098588
274 271 266 669068679
287 283 282 144000371
565 560 550 278280149
51 47 40 407616199
247 237 227 266683025
759 750 747 122327872
25 20 11 400675478
568 559 558 672585947
481 479 478 329094934
392 386 384 517858140
679 672 669 307145839
965 955 949 877681121
179 176 170 873756196
16 8 7 73245740
34 28 27 698654450
858 851 841 500879622
127 126 118 445595558
175 172 165 640903384
29 21 19 167829658
232 222 216 52589150
483 478 471 329094934
905 898 897 177278576
479 478 471 750667213
614 609 604 171237350
950 943 939 146161053
473 468 462 246342535
111 107 103 231120593
159 149 142 667838849
622 617 607 674174829
113 107 103 558767088
108 105 101 608573396
339 337 329 313649446
229 223 215 714880694
896 892 889 698577312
24 23 14 386391813
921 911 905 372861689
142 132 127 445595558
363 355 348 819911928
360 351 345 754665529
343 340 338 287972498
960 953 952 793066691
230 224 221 685183417
782 774 764 500050901
43 34 28 698654450
879 878 874 515062800
311 310 305 803680671
192 186 183 523477642
878 874 871 515062800
961 956 952 518632329
777 770 760 206690123
515 508 507 235359453
384 374 371 517858140
158 157 156 716342645
964 959 956 204364114
978 969 961 231428618
531 527 519 846659506
786 780 777 548230393
691 684 677 839432288
835 825 816 150366824
328 322 316 886239621
197 189 185 721501674
214 210 206 733505116
409 402 395 928936527
374 371 364 729551920
332 325 320 664907621
840 838 830 171150635
101 100 91 777929539
578 574 565 428561296
518 510 509 915853276
47 40 39 407616199
8 7 1 138270848
980 973 964 777427706
917 911 905 372861689
320 315 313 581744161
937 936 929 608180917
583 575 573 659624517
678 668 665 508709176
855 853 846 383751715
100 91 88 777929539
227 223 215 705039347
209 204 196 461022117
30 22 17 167829658
319 318 311 351607155
976 966 962 281601172
137 133 124 616377815
895 886 877 370620182
249 243 241 209188472
107 103 101 558767088
125 118 114 486017915
155 150 144 323089371
608 604 603 428460405
256 249 243 453291077
847 846 839 259117274
355 348 339 455857017
260 257 251 698414752
647 641 631 624373105
378 376 372 223965766
601 591 590 580672733
94 86 85 380213171
904 903 902 139211678
235 231 230 680337047
730 721 720 392434115
659 657 651 340927945
912 904 903 299959915
98 92 86 390706057
881 873 872 528793272
584 575 573 659624517
306 299 289 210061211
529 520 516 526155419
42 39 31 439421400
118 114 106 486017915
240 233 232 250681142
854 848 844 620612724
132 127 126 445595558
985 981 974 284421059
