1000 997
357 347 345 733358338
682 672 663 209734493
393 387 380 305734825
627 626 625 324357526
928 919 914 438604806
625 616 610 417853070
540 537 531 807315869
886 885 878 777205250
752 750 748 348526994
679 678 675 276712558
970 969 961 376456558
518 516 506 571223812
264 256 255 562733931
23 20 11 449165229
140 130 120 351579307
879 877 869 796680170
546 536 530 455322301
781 771 766 413740457
419 413 403 687616830
294 284 277 512574381
962 956 951 825978614
623 617 610 506769354
569 568 563 747701265
652 645 643 912872696
913 908 898 527340864
378 374 365 969460029
561 559 556 44060848
809 807 798 405446826
255 249 248 512224064
455 449 439 822126391
145 139 138 662820000
914 907 900 192531248
726 719 714 537302199
224 218 209 854492416
405 399 390 487939619
563 555 551 681745717
666 656 655 355040275
114 108 103 760783583
460 455 449 822126391
88 80 77 598172669
219 213 207 226069958
658 650 648 795730816
167 165 158 861385991
743 739 736 488183169
80 77 71 600478979
917 913 908 455001344
242 235 228 40133115
27 22 17 301736605
207 197 189 771544144
739 736 730 488183169
528 519 517 494958705
833 832 825 855723582
749 743 739 521437611
217 214 209 276699853
190 185 180 375050821
686 676 668 390049438
764 762 753 554966797
134 128 121 366501382
585 583 576 360778589
693 686 676 390049438
164 155 148 820720164
57 53 50 66590841
804 794 786 466311355
549 541 537 395318779
614 611 602 506769354
978 968 962 106989767
572 571 565 250738116
805 797 788 494242163
416 408 400 634156238
225 218 209 854492416
887 886 885 777205250
208 205 198 524552333
584 577 569 798042979
766 762 753 554966797
237 228 218 860579853
26 17 9 301736605
631 623 617 579743043
839 837 832 426358609
890 884 879 780615865
659 655 653 355617985
8 6 2 410528085
574 567 565 401782920
89 88 80 598172669
800 792 782 602915706
568 563 555 280343387
373 364 355 433364922
462 455 449 822126391
360 358 355 340546748
438 430 422 710001412
736 730 728 438491229
235 228 218 40133115
774 771 766 413740457
389 381 374 686258666
878 874 871 362026748
538 534 525 27233063
611 602 599 697035987
77 71 62 356568000
588 586 583 436539925
671 670 669 254703102
481 474 466 261396308
849 841 839 126704303
229 220 217 512536059
59 56 46 231720112
742 738 731 572767526
498 494 487 872594730
830 829 820 641592671
275 274 267 307400025
834 829 820 610476950
510 501 499 385952910
402 398 394 297224374
971 964 958 748397401
589 579 577 184586098
559 556 548 44060848
635 627 626 396583176
256 255 249 244935204
922 916 907 304137431
695 691 690 514616544
951 941 938 825978614
283 273 267 592302074
302 296 291 473579911
565 558 556 250738116
146 144 140 662820000
180 179 177 617145890
307 300 295 342442614
675 665 656 164614788
277 267 263 638495241
499 492 491 614373336
374 365 361 472906394
556 548 546 98904671
41 35 26 586671176
844 839 837 201790039
876 872 866 900934865
319 311 306 664249722
421 416 408 636186512
442 438 430 524751735
358 355 351 634832600
98 96 91 383773920
169 164 155 594981281
150 145 139 704063957
324 316 307 673559747
637 627 626 396583176
925 919 914 704332969
124 114 108 147149575
339 332 327 773994975
522 518 516 593381739
42 33 28 424975869
794 786 782 602915706
532 529 524 261192432
392 385 382 108674069
847 841 839 126704303
233 227 219 248107579
706 696 695 335329038
902 897 896 318227971
43 34 29 555692998
770 769 768 472208846
900 896 893 325230985
504 499 492 614373336
763 756 754 278061004
699 695 691 562561769
855 852 845 512412295
178 168 161 617145890
533 530 527 828971417
712 710 704 270923214
571 565 558 430105796
520 510 501 385952910
175 174 173 483626324
868 858 854 354980903
404 394 389 686258666
56 46 38 231720112
703 697 696 519702000
367 366 363 604775759
649 644 639 665824283
715 711 707 383550636
55 45 44 486095552
826 818 813 305722177
100 93 88 598172669
12 4 2 785449789
784 775 773 453446229
485 476 471 574084742
987 986 978 103561648
371 364 355 377311386
968 962 956 634622185
118 116 106 506873795
142 139 138 441590705
645 643 640 898777950
431 426 421 597773144
348 338 336 888563582
757 748 741 326724570
152 144 140 662820000
19 12 4 666922803
465 459 452 331554678
952 951 941 825978614
203 202 199 564115341
316 307 300 342442614
86 81 75 847673837
436 435 431 473612043
196 192 184 321894555
380 374 365 361397068
321 316 307 565619576
564 557 551 681745717
593 592 588 710275526
632 625 616 417853070
864 857 851 188941277
562 558 556 430105796
709 708 705 525683394
955 945 936 341431338
716 711 707 529791780
778 771 766 413740457
420 417 408 503591788
880 878 874 284643079
730 728 719 537302199
541 537 531 400149726
182 172 171 244279682
370 367 366 576265710
948 943 941 524088121
337 328 318 545224914
46 38 31 231720112
408 400 395 634156238
663 657 655 209734493
789 781 771 309594373
64 62 55 186676801
244 237 228 159690801
490 487 480 797046434
947 940 931 844642828
539 530 527 690264164
810 809 807 405446826
622 617 610 314523765
262 255 249 246434512
78 77 71 453802491
654 647 641 733775879
980 977 971 885527812
988 984 974 364329201
346 338 336 907658993
776 775 773 453446229
636 627 626 312721706
329 325 323 604105711
109 103 99 760783583
1000 994 993 748629967
954 949 944 524088121
37 31 26 724956935
322 314 313 358387156
181 179 177 617145890
252 246 238 492963059
578 574 567 401782920
773 766 762 413740457
496 493 484 233110319
127 124 114 114414271
341 339 332 746001545
111 108 103 760783583
188 186 176 617145890
529 524 516 261192432
547 538 534 242877153
870 869 863 768107885
846 841 839 126704303
719 714 708 537302199
982 977 971 752180754
15 14 4 251259941
466 463 453 253392332
58 49 46 231720112
735 734 726 426175310
670 669 662 254703102
245 239 237 734801962
550 544 542 395318779
795 787 782 602915706
819 815 808 513697528
249 248 246 256417820
497 490 487 797046434
413 403 396 298585730
327 319 311 664249722
818 813 812 734129377
452 447 442 201657239
194 192 184 321894555
953 943 941 582053369
483 482 479 468880570
893 884 879 780615865
981 979 969 550570379
422 413 403 687616830
816 815 808 513697528
534 525 519 27233063
721 720 719 537302199
507 500 492 571223812
681 675 665 164614788
618 609 608 151197948
445 439 430 421584655
492 491 488 614373336
95 89 88 598172669
912 908 898 455001344
34 29 24 483096393
692 685 678 477562080
209 205 198 771544144
297 296 291 764245692
813 812 806 842116397
512 510 501 385952910
359 349 345 733358338
714 708 705 529848297
607 605 600 827313202
576 569 568 280343387
195 185 180 679330723
198 190 185 771544144
524 516 506 571223812
696 695 691 514616544
478 477 468 512596845
634 631 623 852750954
687 677 673 634327788
241 231 222 532239072
848 840 833 684827016
812 806 796 842116397
882 872 866 789395345
599 592 588 710275526
257 248 246 512224064
488 481 474 881469908
366 363 353 604775759
740 736 730 438491229
122 121 117 423858612
808 806 796 878296338
595 590 587 372092402
823 813 812 633081358
680 677 673 634327788
308 302 296 473579911
973 966 962 823842745
185 180 179 617145890
401 400 395 634156238
137 128 121 366501382
197 189 184 771544144
586 583 576 360778589
751 746 737 337683115
787 782 772 602915706
580 579 577 739587821
96 91 86 665756723
20 11 5 785449789
94 93 88 598172669
204 202 199 564115341
61 57 53 66590841
920 917 913 704332969
71 62 55 866634204
334 331 330 183597369
553 549 541 326482875
243 237 228 639901996
258 256 255 289595889
170 163 156 363969616
230 228 218 512536059
31 26 17 301736605
183 177 176 617145890
261 252 246 491545052
211 208 205 390917595
653 652 645 898777950
972 971 964 748397401
395 393 387 214218104
506 497 490 571223812
291 281 280 727745011
470 463 453 511800959
176 173 172 617145890
4 2 1 997630534
232 224 218 377970550
153 149 147 444339248
350 341 339 146622297
940 931 923 324284910
299 290 281 681735065
700 698 688 562561769
815 808 806 878296338
326 320 314 358387156
587 579 577 372092402
990 988 984 159192313
957 950 940 324284910
426 421 416 597773144
753 747 742 856749366
597 588 586 710275526
523 519 517 752855711
172 171 163 301967969
314 313 307 358387156
801 796 792 245595903
958 955 945 314530590
906 901 898 728824413
493 484 479 233110319
829 820 810 493550757
994 993 987 748629967
779 769 768 469348227
765 759 754 278061004
502 496 493 634896361
517 516 506 593381739
598 590 587 184586098
390 385 382 108674069
642 637 627 396583176
691 690 681 883874679
144 140 130 662820000
446 438 430 723083997
780 779 769 469348227
63 55 45 231720112
87 86 81 847673837
916 907 900 192531248
202 199 195 679330723
192 184 179 321894555
964 958 955 341431338
543 540 537 807315869
513 506 497 571223812
731 724 717 238648940
689 681 675 437571254
688 687 677 840517130
943 941 938 728248553
738 731 724 542754560
511 508 501 369057243
966 962 956 921906675
440 437 434 357624638
48 45 44 486095552
62 55 45 231720112
40 34 29 692315266
772 764 762 323341246
949 944 940 524088121
289 281 280 578403633
545 541 537 326482875
701 694 693 357172431
872 866 863 387637765
638 631 623 594109838
296 291 281 578403633
51 47 39 569187237
967 963 958 921906675
411 409 399 487939619
698 688 687 840517130
704 695 691 514616544
596 592 588 710275526
646 638 631 579743043
11 5 4 785449789
306 303 299 681735065
112 106 104 760783583
501 499 492 614373336
741 736 730 438491229
154 152 144 785643379
444 434 426 597773144
892 890 884 690899663
6 2 1 997630534
464 463 453 511800959
123 116 106 506873795
570 566 559 642895580
311 306 303 664249722
845 837 832 426358609
938 937 928 296636808
690 681 675 501257946
866 863 854 824752163
555 551 548 98904671
482 479 472 597128039
851 842 840 512412295
284 277 267 638495241
165 158 153 861385991
149 147 139 444339248
648 646 638 594109838
271 270 264 943411162
745 735 734 426175310
991 990 988 22034344
362 358 355 634832600
542 535 531 400149726
603 599 592 773474162
221 216 208 226069958
38 31 26 885066723
240 230 228 509021840
676 668 664 390049438
986 978 968 103561648
993 987 986 611636318
304 297 296 662534838
246 238 232 377970550
218 209 205 854492416
312 304 297 662534838
238 232 224 377970550
354 352 344 752625690
147 139 138 208059925
783 777 776 815974993
883 881 872 387637765
814 807 798 466757846
908 898 896 455001344
884 879 877 788990589
677 673 672 634327788
633 631 623 842086226
896 893 884 528240037
746 737 732 337683115
136 132 124 226237098
616 610 605 506769354
377 374 365 361397068
158 153 149 854798631
22 17 9 284506465
265 257 248 512224064
33 28 21 138591831
469 468 463 512596845
344 339 332 814099791
608 601 597 827313202
854 846 841 347758963
276 270 264 943411162
577 569 568 280343387
272 267 263 265809631
950 940 931 825978614
193 190 185 855965688
760 753 747 554966797
101 96 91 383773920
756 754 753 278061004
617 610 605 506769354
159 151 148 850067304
231 222 217 532239072
356 353 346 744464333
115 109 103 799805556
639 630 627 665824283
212 206 201 226069958
897 896 893 325230985
83 80 77 356568000
463 453 445 253392332
600 597 588 757910137
474 466 463 253392332
278 272 267 638495241
665 656 655 298485666
609 608 601 827313202
425 421 416 597773144
349 345 344 814099791
767 762 753 554966797
177 176 173 617145890
729 722 720 320409284
629 625 616 324357526
189 184 179 617145890
519 517 516 593381739
509 505 498 235077604
551 548 546 455322301
859 858 854 188941277
210 201 192 321894555
733 730 728 184275731
163 156 152 304756741
811 801 796 428005563
927 926 920 368989375
591 589 579 821844737
998 996 987 611636318
47 39 37 686697597
364 355 351 634832600
110 107 101 640815860
70 64 62 186676801
911 901 898 888983548
860 858 854 331589514
479 472 464 578592951
582 577 569 783674066
293 287 283 649756206
895 887 886 726197252
817 815 808 513697528
852 845 837 426358609
734 726 719 513347735
934 924 916 474901073
782 772 764 323341246
263 262 255 246434512
935 928 919 554733305
384 378 374 969460029
877 869 863 796680170
382 377 374 277506430
340 339 332 746001545
417 408 400 634156238
355 351 346 802085600
668 664 657 339908442
495 491 488 577410938
903 897 896 325230985
592 588 586 710275526
116 106 104 760783583
191 184 179 495202537
84 83 80 156883045
73 68 61 825874160
583 576 569 360778589
138 133 131 233718745
771 766 762 932890203
44 35 26 586671176
259 254 253 908939561
840 833 832 866966687
206 201 192 226069958
537 531 528 400149726
871 869 863 362026748
352 344 339 752625690
415 413 403 298585730
856 855 852 512412295
775 773 766 413740457
575 571 565 473116521
489 483 482 642606364
16 8 6 251259941
525 519 517 494958705
875 874 871 362026748
657 655 653 355617985
288 281 280 578403633
673 672 663 634327788
732 730 728 542754560
959 952 951 582053369
628 620 614 214534073
456 448 442 221389986
133 131 128 233718745
226 221 216 315497812
669 662 656 298485666
484 479 472 468880570
891 881 872 387637765
516 506 497 571223812
527 522 518 828971417
601 597 588 757910137
386 376 368 561189932
173 172 171 244279682
338 336 335 260988808
909 904 900 192531248
921 913 908 455001344
910 906 901 780177050
494 487 480 872594730
97 87 86 847673837
558 556 548 98904671
904 900 896 325230985
792 782 772 323341246
837 832 825 855723582
139 138 133 233718745
842 840 833 610476950
234 224 218 336437414
409 399 390 487939619
898 896 893 527340864
448 442 438 421351503
106 104 100 593828034
536 530 527 584878636
828 819 815 513697528
557 551 548 523136727
74 71 62 489417938
874 871 869 796680170
79 71 62 277515823
869 863 854 796680170
325 323 313 593761785
281 280 278 639699184
28 21 20 138591831
487 480 476 476891982
936 927 926 348420591
250 248 246 256417820
148 146 144 785643379
963 958 955 341431338
21 20 11 187474183
280 278 272 639699184
347 345 344 733358338
162 157 147 208059925
441 436 435 473612043
725 721 720 475940126
434 426 421 597773144
468 463 453 511800959
285 276 270 614889094
14 4 2 666922803
755 745 735 451741157
873 866 863 576394583
129 126 120 213732806
544 542 535 572220514
939 933 928 296636808
802 801 796 236796161
885 878 874 777205250
992 984 974 364329201
799 789 781 309594373
824 821 816 708500600
433 428 421 818734867
394 389 381 278629864
269 259 254 908939561
945 936 927 314530590
450 444 434 314303379
427 422 413 298585730
708 705 700 525683394
942 941 938 886457932
604 595 590 184586098
979 969 961 581949555
131 128 121 366501382
835 825 821 836552690
480 476 471 476891982
806 796 792 599987206
343 336 335 260988808
697 696 695 514616544
647 641 632 778504595
52 42 33 424975869
418 412 404 756419811
531 528 519 400149726
121 117 116 423858612
707 702 695 383550636
710 704 695 270923214
151 148 146 850067304
651 649 644 795730816
313 307 300 358387156
836 831 823 633081358
560 552 547 229183223
388 386 376 402018274
141 140 130 662820000
643 640 638 594109838
694 693 686 888148901
13 8 6 375712613
228 218 209 854492416
620 614 611 506769354
143 137 128 482791092
777 776 775 801049732
161 151 148 850067304
989 980 977 752180754
644 639 630 665824283
260 259 254 908939561
702 695 691 514616544
768 759 754 344439621
841 839 837 126704303
379 373 364 377311386
619 614 611 506769354
99 89 88 490625205
641 632 625 733775879
901 898 896 527340864
453 445 439 421584655
68 61 57 115468417
785 776 775 568162428
720 719 714 587884257
969 961 958 376456558
90 84 83 156883045
35 26 17 586671176
737 732 730 542754560
381 374 365 361397068
931 923 921 385012872
894 889 880 435004044
999 994 993 789347047
303 299 290 681735065
199 195 185 771544144
612 611 602 760728474
530 527 522 828971417
486 477 468 512596845
932 923 921 385012872
997 991 990 22034344
223 221 216 300641460
853 852 845 376165389
323 313 307 593761785
369 365 361 361397068
400 395 393 427718976
298 292 291 764245692
590 587 579 372092402
423 417 408 589359157
640 638 631 579743043
214 209 205 524552333
65 56 46 231720112
439 430 422 524751735
300 295 292 342442614
435 431 426 597773144
363 353 346 666750958
850 841 839 126704303
467 459 452 485873704
996 987 986 103561648
398 394 389 686258666
796 792 782 599987206
76 67 66 568310660
201 192 184 131898967
473 472 464 578592951
606 599 592 697035987
29 24 15 483096393
976 974 967 917188119
459 452 447 331554678
9 7 5 787030151
602 599 592 760728474
69 68 61 819164029
179 177 176 617145890
54 44 35 586671176
983 981 979 550570379
750 748 741 326724570
368 361 352 752625690
39 37 31 686697597
205 198 190 524552333
128 121 117 366501382
248 246 238 492963059
610 605 600 827313202
267 263 262 246434512
672 663 657 209734493
825 821 816 819713019
387 380 374 305734825
472 464 463 578592951
975 966 962 634622185
301 300 295 342442614
995 991 990 21980339
330 320 314 281645790
270 264 256 943411162
424 414 409 674019367
25 17 9 301736605
49 46 38 231720112
861 851 842 512412295
791 782 772 323341246
862 853 852 376165389
236 234 224 336437414
843 842 840 635982025
5 4 2 787030151
747 742 738 856749366
335 328 318 221110777
383 375 368 647666920
253 248 246 256417820
220 217 214 276699853
66 56 46 231720112
287 283 273 592302074
432 428 421 806545513
53 50 40 746921366
119 117 116 423858612
566 559 556 44060848
667 666 656 355040275
105 98 96 307054141
396 391 382 108674069
552 547 538 242877153
683 674 665 236353820
929 920 917 704332969
857 851 842 501616828
451 442 438 130967940
331 330 320 199728690
91 86 81 847673837
449 439 430 524751735
581 578 574 401782920
239 237 228 734801962
926 920 917 368989375
769 768 759 406813690
361 352 344 752625690
944 940 931 524088121
831 823 813 633081358
125 122 121 366501382
762 753 747 856749366
744 739 736 488183169
174 173 172 483626324
899 894 889 435004044
157 147 139 208059925
437 434 426 421838805
247 243 237 639901996
793 786 782 756069126
827 817 815 513697528
305 297 296 328646173
956 951 941 886457932
662 656 655 675695108
761 754 753 338890118
447 442 438 201657239
93 88 80 600478979
711 707 702 383550636
75 73 68 161063566
718 716 711 705545735
428 421 416 767866122
403 396 391 240001304
333 324 316 218527570
461 451 442 130967940
965 963 958 748397401
397 389 381 686258666
655 653 652 675695108
17 9 7 301736605
81 75 73 825874160
630 627 626 396583176
376 368 361 561189932
213 207 197 751271052
215 213 207 226069958
336 335 328 260988808
803 794 786 466311355
907 900 896 192531248
626 625 616 324357526
754 753 747 554966797
406 396 391 105539034
429 422 413 298585730
579 577 569 843719096
567 565 558 430105796
310 305 297 664249722
684 675 665 164614788
385 382 377 108674069
160 156 152 304756741
18 16 8 410528085
660 654 647 675695108
797 788 784 568162428
758 749 743 544088726
961 958 955 341431338
664 657 655 675695108
222 217 214 276699853
748 741 736 326724570
268 258 256 125754073
728 719 714 537302199
521 513 506 697351142
72 65 56 686645111
915 909 904 831314396
865 859 858 188941277
279 275 274 307400025
50 40 34 746921366
713 709 708 270923214
919 914 907 438604806
508 501 499 385952910
135 134 128 148371618
117 116 106 506873795
7 5 4 787030151
227 219 213 480671247
92 82 80 812284151
838 832 825 855723582
187 180 179 617145890
624 614 611 506769354
130 120 115 351579307
594 585 583 360778589
457 454 447 579348477
984 974 967 535919306
410 400 395 634156238
113 108 103 912756579
621 612 611 845693998
32 27 22 369361134
863 854 846 347758963
320 314 313 358387156
365 361 352 472906394
605 600 597 827313202
108 103 99 760783583
503 497 490 574776069
412 404 394 533964110
759 754 753 344439621
82 80 77 600478979
923 921 913 385012872
454 447 442 201657239
788 784 775 494242163
216 208 205 226069958
282 278 272 603321245
613 611 602 506769354
615 607 605 452600017
820 810 809 405446826
36 26 17 885066723
309 302 296 473579911
156 152 144 363969616
67 66 56 361984532
375 368 361 472906394
656 655 653 355617985
85 79 71 681497970
471 467 459 488743350
132 124 114 147149575
798 790 781 466757846
332 327 319 773994975
292 291 281 764245692
548 546 536 406046350
184 179 177 617145890
414 409 399 674019367
328 318 317 72644006
977 971 964 752180754
443 433 428 818734867
500 492 491 506676743
286 277 267 676783746
727 720 719 771914117
104 100 93 760783583
102 92 82 812284151
295 292 291 764245692
924 916 907 373166941
342 334 331 183993757
678 675 665 164614788
674 665 656 298485666
526 521 513 817728600
171 163 156 301967969
186 176 173 171467118
166 165 158 861385991
353 346 338 907658993
10 5 4 666922803
918 908 898 455001344
974 967 963 921906675
399 390 385 132240374
888 880 878 187879406
491 488 481 881469908
45 44 35 486095552
933 928 919 534475182
867 857 851 354980903
430 422 413 524751735
930 923 921 385012872
985 976 974 364329201
889 880 878 284643079
515 512 510 401934951
937 928 919 296636808
60 53 50 746921366
905 904 900 831314396
318 317 313 72644006
391 382 377 108674069
345 344 339 746001545
535 531 528 400149726
155 148 146 820720164
822 814 807 49529196
317 313 307 358387156
685 678 675 119402409
661 657 655 638681318
650 648 646 795730816
254 253 248 512224064
941 938 937 728248553
790 781 771 692279433
120 115 109 799805556
832 825 821 855723582
458 453 445 511800959
126 120 115 213732806
103 99 89 490625205
477 468 463 253392332
960 955 945 341431338
200 198 190 755125665
717 713 709 238648940
705 700 698 529848297
266 260 259 495645279
505 498 494 905141872
24 15 14 251259941
881 872 866 387637765
722 720 719 537302199
273 267 263 592302074
475 471 467 488743350
573 567 565 296868984
723 716 711 529791780
407 402 398 297224374
30 20 11 187474183
372 364 355 433364922
168 161 151 841559219
858 854 846 347758963
251 242 235 191179456
476 471 467 488743350
554 551 548 98904671
274 267 263 165378062
315 306 303 577721959
807 798 790 466757846
786 782 772 602915706
946 941 938 728248553
290 281 280 727745011
821 816 815 513697528
724 717 713 146571431
351 346 338 907658993
107 101 96 665756723
514 507 500 239864681
