1000 992
358 307 292 715383877
889 622 482 680348743
106 61 16 780021827
967 840 355 799032574
7 6 2 371465877
886 277 143 488646126
196 7 6 325091271
292 274 172 378495286
356 297 226 247061041
298 136 30 288877994
399 191 33 108831408
595 350 48 342498526
406 5 3 666420994
321 146 69 878509167
699 611 556 617012617
672 413 210 478098112
543 387 154 711486433
882 876 93 445075636
305 20 16 560500043
762 343 45 955656904
957 811 686 689940459
61 16 2 535270750
683 18 10 734231365
573 383 313 374041355
542 512 265 537693949
852 450 67 509884407
264 232 119 484418078
512 265 184 752414281
448 378 238 215406658
715 96 88 254504584
731 194 165 617819994
902 606 104 634122310
216 109 11 745132412
303 24 12 436151328
564 346 188 227138458
537 259 224 881258084
405 75 39 828225359
22 9 2 388344702
905 829 614 300015144
489 120 98 244478746
460 430 167 224171200
721 243 234 169561221
441 100 67 446082132
871 431 145 638546703
629 93 36 735492362
906 776 465 894709053
60 39 7 170967073
367 352 211 569016687
884 475 330 298827543
895 6 2 371465877
318 73 3 274732257
602 313 30 374041355
828 271 215 243509175
259 224 45 772979653
534 171 164 38603454
585 6 2 371465877
705 377 23 911453807
204 149 134 552265564
520 61 16 780021827
54 21 16 535270750
376 223 23 756373704
191 33 15 108831408
423 257 148 591835176
194 165 125 874837685
286 3 1 568892025
34 6 2 535835515
667 317 50 642596465
993 546 18 277896857
989 859 452 869250479
663 226 80 174499762
145 62 41 727410072
888 77 26 560069827
419 57 27 374167720
576 534 171 305480949
453 352 211 504341169
160 21 16 535270750
751 440 298 529699019
95 87 25 291446385
648 226 80 174499762
615 155 44 609209164
912 246 48 575008745
337 5 3 378829559
142 67 59 446082132
183 7 6 367969668
808 580 397 532440536
426 212 73 33942098
96 88 37 293778256
973 211 4 472795098
181 96 88 430129726
94 70 65 634857561
982 441 100 240926951
434 6 2 535835515
794 145 62 379160879
499 151 88 16475436
276 168 57 365646875
470 440 298 432462885
825 148 1 568892025
428 183 7 367969668
569 17 11 372137989
154 57 27 721662775
506 131 105 400417352
626 613 487 272451770
952 420 205 696917894
936 681 161 461967668
740 358 307 715383877
514 410 321 785868121
290 188 45 501767054
643 544 508 409673228
850 663 226 285564096
98 95 87 291446385
733 254 87 732288415
203 197 114 607928169
364 362 252 511612924
581 436 182 590543147
91 5 3 240147313
823 789 338 596056619
746 279 267 731200081
521 326 31 137523501
74 3 1 240147313
266 183 7 363954997
249 66 58 425664635
970 85 73 472599686
831 119 105 609527596
100 67 59 446082132
317 50 43 591271238
758 700 306 442545807
233 130 67 446082132
418 308 67 446082132
121 37 17 100389170
190 51 44 609209164
461 69 17 676647361
146 69 17 530189038
282 85 73 453394145
254 87 25 732288415
162 86 16 327822360
104 80 59 143259561
172 69 17 84059446
707 480 155 903134580
633 9 2 388344702
458 34 6 591148846
416 275 49 553840785
613 487 317 591271238
696 393 100 755228003
39 7 6 325091271
311 199 96 185811096
310 29 21 616674702
241 20 16 560500043
960 372 1 568892025
333 241 20 560500043
550 291 189 859181387
653 117 75 725648935
211 4 1 472795098
752 399 191 108831408
109 11 5 815924070
45 28 20 560500043
105 31 25 118249813
723 580 397 532440536
82 61 16 544803401
208 86 16 535270750
126 37 17 293778256
481 7 6 325091271
149 134 131 214419466
774 427 43 441598237
522 263 222 339337117
122 5 3 240147313
316 201 124 426585232
501 138 108 610273194
319 71 36 468257306
30 28 20 560500043
182 78 52 223897385
429 16 2 535270750
713 48 14 575008745
687 36 32 262097075
209 63 55 342527420
538 501 138 792467765
918 189 52 335571842
870 246 48 307925487
742 172 69 638109070
10 5 3 822893994
698 289 35 739555672
232 119 105 538350858
876 93 36 468257306
366 128 118 899922187
5 3 1 568892025
580 397 146 532440536
255 74 3 240147313
608 491 110 73102551
422 295 163 379728540
447 328 196 216383840
735 243 234 169561221
668 621 600 229854083
978 61 16 535270750
749 335 19 711831381
457 419 57 374167720
79 35 33 252922792
739 227 52 335571842
397 146 69 535877644
134 131 105 214419466
992 464 190 553768281
652 325 186 439243372
138 108 36 610273194
279 267 6 635273726
954 711 617 869643085
80 59 38 174499762
621 600 320 363081722
606 104 80 174499762
673 123 23 395297917
64 10 5 822893994
928 338 64 612858018
567 331 114 607928169
675 365 136 288877994
784 534 171 120187352
761 735 243 190979873
415 330 84 610246989
958 637 334 162942878
43 29 21 514492135
726 104 80 174499762
777 437 423 591835176
704 447 328 121869445
188 45 28 501767054
128 118 25 474899418
904 807 245 728130826
371 188 45 175007524
701 89 67 446082132
996 701 89 376105174
32 26 22 335897947
572 366 128 899922187
766 147 134 245477669
413 210 83 490253347
212 73 3 240147313
14 12 2 371465877
556 213 141 820701622
111 38 23 749626251
391 121 37 293778256
853 259 224 772979653
599 383 313 374041355
676 36 32 468257306
223 23 5 889586844
373 87 25 321206797
210 83 10 642416391
532 192 33 440278356
258 48 14 575008745
49 20 16 553840785
90 52 33 89612243
433 11 5 719429987
791 441 100 284118429
217 111 38 749626251
555 33 15 741548921
817 286 3 256951348
939 863 662 649649088
786 105 31 825109185
773 573 383 193953301
838 606 104 666831712
449 254 87 732288415
269 157 71 475735455
913 372 1 580238379
300 121 37 100389170
856 662 415 610246989
631 549 449 327331519
841 362 252 511612924
637 334 204 404765308
682 155 44 686932035
549 449 254 732288415
63 55 13 583326332
226 80 59 171646447
26 22 9 388344702
93 36 32 468257306
332 276 168 365646875
898 196 7 313258135
515 463 256 611352711
482 10 5 822893994
899 890 255 676438296
708 290 188 770671274
865 354 13 583326332
600 320 118 474899418
798 61 16 700011249
277 143 34 488646126
353 20 16 560500043
474 70 65 634857561
52 33 15 335571842
635 469 204 552265564
320 118 25 474899418
709 108 36 610273194
511 413 210 149859890
579 10 5 822893994
782 502 470 266984552
921 300 121 100389170
157 71 36 468257306
644 375 323 171188640
950 122 5 280768903
383 313 30 213962522
466 317 50 591271238
524 262 247 127804714
695 438 307 715383877
338 64 10 782982582
656 467 137 594598362
143 34 6 535835515
873 303 24 436151328
382 353 20 590870339
568 277 143 419067053
112 92 45 501767054
688 525 382 491481200
443 28 20 560500043
846 185 73 472599686
355 111 38 236220331
497 7 6 416059630
528 501 138 293844382
781 511 413 149859890
559 473 450 715632301
301 153 88 430129726
824 277 143 257347361
636 130 67 446082132
227 52 33 314254446
187 138 108 792467765
844 149 134 673211568
370 94 70 518501990
329 319 71 459080733
444 202 196 544231644
6 2 1 535835515
486 26 22 498011517
965 265 184 752414281
218 143 34 591148846
867 509 163 379728540
554 33 15 636265970
252 158 112 746226247
117 75 39 725648935
670 540 170 556401840
757 199 96 140621418
20 16 2 535270750
156 117 75 725648935
551 18 10 489702733
456 424 310 948916454
686 191 33 108831408
998 814 729 714493060
57 27 20 560500043
872 77 26 466134445
459 380 103 650041011
102 22 9 388344702
225 84 42 493842205
417 270 123 209811992
728 638 573 347130633
840 355 111 749626251
764 680 517 928957658
385 217 111 749626251
597 245 69 931750294
942 728 638 20686795
270 123 23 209811992
75 39 7 325091271
941 341 268 588072317
944 350 48 575008745
639 439 65 924040075
535 209 63 471790183
127 29 21 494764081
239 226 80 174499762
306 171 164 442545807
41 35 33 518048280
84 42 35 518048280
953 284 61 780021827
999 905 829 503914766
131 105 31 214419466
640 303 24 605759246
46 7 6 477238171
386 288 125 887515575
787 647 620 174628600
467 137 99 594598362
624 224 45 817045174
124 121 37 136210574
894 64 10 683507682
677 532 192 666882347
281 167 28 354397320
547 43 29 494764081
401 293 287 653169762
432 238 151 215406658
863 662 415 610246989
339 33 15 462929076
503 367 352 666950381
389 368 271 188054171
295 163 97 184267516
508 115 7 409673228
571 545 473 715632301
940 487 317 591271238
943 590 64 676734645
649 342 234 262116263
243 234 172 132679037
734 570 174 399653669
754 98 95 244478746
974 810 54 185079887
966 35 33 432743063
804 780 610 191289339
772 658 62 423632278
662 415 330 610246989
165 125 76 874837685
671 196 7 325091271
313 30 28 374041355
914 264 232 484418078
120 98 95 291446385
36 32 26 335897947
8 4 1 506493571
553 521 326 752913542
848 610 283 319950426
645 604 358 486640267
507 225 84 493842205
945 416 275 667229533
513 42 35 677378530
494 315 97 184267516
407 199 96 185811096
12 2 1 371465877
795 85 73 472599686
680 517 199 185811096
737 297 226 171646447
374 196 7 325091271
658 62 41 727410072
378 238 151 196107130
246 48 14 575008745
179 6 2 371465877
712 245 69 940597980
594 10 5 822893994
66 58 28 783512918
799 668 621 219453088
806 175 16 535270750
285 68 64 458332507
716 362 252 641646450
814 729 257 714493060
200 76 57 616149981
110 81 44 600514636
392 255 74 330164059
388 117 75 741293584
981 595 350 342498526
476 315 97 391670933
103 29 21 616674702
718 170 162 556401840
257 148 1 568892025
516 33 15 89612243
995 796 627 255191692
832 322 148 684522404
360 211 4 444944627
289 35 33 518048280
869 437 423 591835176
593 226 80 174499762
490 292 274 378495286
283 107 103 698045446
284 61 16 535270750
395 193 23 152227495
826 277 143 488646126
473 450 67 601862413
89 67 59 446082132
33 15 11 719429987
9 2 1 388344702
442 369 271 521549138
727 232 119 414947471
144 111 38 749626251
199 96 88 185811096
53 29 21 616674702
235 88 37 430129726
664 63 55 342527420
803 220 12 303866276
976 264 232 218750825
763 512 265 881187926
562 443 28 783512918
866 825 148 684522404
948 28 20 560500043
58 28 20 560500043
222 199 96 185811096
351 308 67 446082132
574 401 293 522128267
42 35 33 518048280
837 765 668 219453088
919 17 11 181703318
759 360 211 472795098
997 441 100 155934884
27 20 16 535270750
411 317 50 642596465
69 17 11 719429987
491 110 81 600514636
350 48 14 575008745
502 470 440 266984552
719 479 262 764169119
23 5 3 889586844
714 706 176 381942060
843 753 295 99298270
396 18 10 277896857
891 283 107 319950426
614 188 45 300015144
139 94 70 634857561
588 264 232 435021412
263 222 199 339337117
885 417 270 264055471
430 167 28 224171200
641 191 33 108831408
927 611 556 617012617
180 50 43 514492135
13 10 5 822893994
334 204 149 552265564
421 43 29 514492135
868 160 21 499960638
627 570 174 489191113
19 10 5 822893994
917 781 511 443650164
390 64 10 458332507
552 253 250 425049728
438 307 292 715383877
221 116 50 642596465
760 526 394 501554297
875 535 209 221170524
302 135 61 780021827
159 108 36 610273194
681 161 113 461967668
563 518 169 346361986
439 65 42 924040075
296 105 31 589665060
487 317 50 642596465
935 104 80 174499762
685 111 38 749626251
861 155 44 690161600
77 26 22 498011517
336 181 96 273055218
536 463 256 256274932
604 358 307 715383877
492 446 425 172532645
510 337 5 472333422
450 67 59 446082132
114 94 70 607928169
789 338 64 596056619
273 201 124 553084659
231 5 3 398479931
384 142 67 446082132
205 93 36 809743785
299 264 232 484418078
864 284 61 347844893
830 670 540 306577951
192 33 15 666882347
163 97 16 379728540
771 596 408 478805753
152 52 33 335571842
224 45 28 783512918
834 533 530 760930301
812 246 48 575008745
692 108 36 585156101
307 292 274 461041643
922 467 137 886415920
897 864 284 347844893
315 97 16 401940404
463 256 109 611352711
623 429 16 535270750
601 355 111 221706382
268 183 7 330825788
620 569 17 36369171
732 396 18 277896857
363 330 84 466088205
592 474 70 316583057
70 65 42 677378530
694 559 473 715632301
651 620 569 372137989
361 242 202 544231644
219 139 94 518501990
403 257 148 466675117
971 326 31 508518349
44 14 12 589898523
184 50 43 642596465
591 479 262 813887487
983 76 57 585344958
201 124 121 136210574
16 2 1 535270750
729 257 148 684522404
72 30 28 644142161
618 187 138 792467765
700 306 171 442545807
558 462 139 47221117
977 341 268 330825788
923 197 114 785474992
477 111 38 236220331
327 295 163 284669641
348 273 201 553084659
357 191 33 108831408
177 163 97 379728540
619 585 6 535835515
920 632 145 583088526
807 245 69 931750294
616 215 192 666882347
402 94 70 608499978
71 36 32 468257306
354 13 10 583326332
689 607 221 926166151
589 76 57 721662775
169 129 97 346361986
666 228 25 653482636
779 721 243 487662510
480 155 44 696475423
86 16 2 371465877
73 3 1 472599686
835 166 144 197918665
171 164 1 568892025
132 37 17 37259286
176 137 99 423791934
345 136 30 288877994
340 83 10 597653142
800 290 188 269530438
985 709 108 610273194
244 179 6 535835515
108 36 32 468257306
577 253 250 387292383
464 190 51 627289424
119 105 31 538350858
931 920 632 603980455
544 508 115 708649001
368 271 215 243509175
722 656 467 231354165
185 73 3 472599686
907 265 184 881187926
189 52 33 335571842
230 151 88 430129726
975 348 273 638939729
278 72 30 388423141
582 189 52 865961604
518 169 129 346361986
238 151 88 215406658
598 296 105 589665060
879 477 111 212901952
925 244 179 784244901
346 188 45 227138458
275 49 20 553840785
780 610 283 319950426
65 42 35 677378530
170 162 86 327822360
702 168 57 365646875
207 24 12 303866276
437 423 257 591835176
394 268 183 367969668
99 52 33 271192952
344 141 119 538350858
248 44 14 609209164
404 314 248 540274489
409 85 73 472599686
533 530 218 760930301
768 452 130 570429400
747 677 532 457880339
934 47 11 232296127
113 85 73 472599686
706 176 137 423791934
765 668 621 363081722
294 4 1 382659615
956 770 86 262962721
287 252 158 653169762
309 261 87 294117356
107 103 29 698045446
630 295 163 379728540
410 321 146 785868121
526 394 268 501554297
271 215 192 243509175
829 614 188 300015144
529 466 317 591271238
495 155 44 712782218
816 411 317 591271238
783 336 181 656971118
328 196 7 216383840
261 87 25 294117356
68 64 10 458332507
451 333 241 486055498
38 23 5 889586844
173 42 35 673416809
650 103 29 505171144
326 31 25 118249813
744 26 22 335897947
469 204 149 557844102
770 86 16 262962721
133 39 7 134786630
237 223 23 756373704
915 435 286 618898931
788 285 68 218615345
612 14 12 303866276
31 25 1 118249813
262 247 226 171646447
250 185 73 472599686
634 579 10 490072918
642 494 315 401940404
887 814 729 775814260
930 700 306 442545807
617 504 317 591271238
483 284 61 780021827
245 69 17 931750294
78 52 33 171326795
792 183 7 325091271
484 261 87 311928800
158 112 92 746226247
381 316 201 440833667
959 857 72 644142161
596 408 295 381387603
293 287 252 522128267
557 421 43 514492135
280 229 88 430129726
40 19 10 817168641
478 262 247 559393123
178 175 16 535270750
274 172 69 461041643
548 88 37 430129726
174 100 67 489191113
335 19 10 711831381
197 114 94 607928169
116 50 43 514492135
962 608 491 659242881
560 85 73 472599686
291 189 52 859181387
994 892 675 406067151
24 12 2 371465877
647 620 569 372137989
304 113 85 453394145
845 348 273 239361636
76 57 27 585344958
859 452 130 869250479
916 648 226 299768642
488 264 232 484418078
717 677 532 942287213
796 627 570 255191692
440 298 136 432462885
62 41 35 727410072
37 17 11 293778256
903 485 481 496115713
929 696 393 755228003
427 43 29 494764081
445 27 20 375870813
517 199 96 64384599
901 156 117 41808866
220 12 2 303866276
590 64 10 783908503
946 75 39 858714471
756 235 88 664862416
28 20 16 560500043
214 81 44 600514636
369 271 215 243509175
431 145 62 699070262
135 61 16 535270750
730 69 17 238669009
874 657 68 538500483
472 149 134 657138618
379 361 242 625323364
990 546 18 277896857
359 38 23 692607098
801 217 111 842822229
909 142 67 446082132
137 99 52 335571842
541 159 108 610273194
842 751 440 529699019
129 97 16 535270750
741 663 226 171646447
365 136 30 273104660
475 330 84 243694511
819 744 26 335897947
67 59 38 236220331
465 461 69 894709053
435 286 3 618898931
186 4 1 439243372
151 88 37 293778256
880 271 215 243509175
312 23 5 889586844
778 748 281 388200214
660 461 69 676647361
610 283 107 319950426
986 526 394 708632611
566 259 224 772979653
236 234 172 132679037
725 689 607 828936079
228 25 1 568892025
900 292 274 461041643
471 136 30 288877994
81 44 14 600514636
202 196 7 325091271
545 473 450 601862413
980 174 100 489191113
767 55 13 342527420
896 799 668 219453088
123 23 5 889586844
659 285 68 349263075
229 88 37 430129726
195 105 31 138864865
11 5 3 719429987
468 129 97 430907743
877 791 441 284118429
140 47 11 719429987
678 425 111 633068104
29 21 16 535270750
509 163 97 379728540
118 25 1 474899418
851 19 10 625304897
638 573 383 25504996
632 145 62 583088526
375 323 252 171188640
821 688 525 340335613
805 577 253 387292383
657 68 64 458332507
462 139 94 518501990
150 108 36 610273194
724 171 164 328659266
969 247 226 171646447
387 154 57 721662775
607 221 116 926166151
839 235 88 430129726
878 144 111 749626251
684 313 30 374041355
493 344 141 697166828
479 262 247 384738301
669 82 61 780021827
256 109 11 719429987
341 268 183 367969668
18 10 5 822893994
251 152 52 335571842
748 281 167 354397320
775 577 253 316471259
400 295 163 379728540
605 468 129 430907743
854 417 270 209811992
622 482 10 788360085
59 38 23 236220331
47 11 5 719429987
790 762 343 955656904
809 100 67 706678928
498 430 167 224171200
661 447 328 166991099
436 182 78 223897385
815 796 627 576314810
525 382 353 590870339
820 606 104 165778489
97 16 2 371465877
314 248 44 609209164
324 67 59 446082132
323 252 158 511612924
776 465 461 824598751
833 407 199 365737423
35 33 15 518048280
745 386 288 827303186
17 11 5 719429987
55 13 10 583326332
881 845 348 239361636
288 125 76 887515575
425 111 38 429934206
115 7 6 535835515
446 425 111 429934206
802 233 130 262167125
561 417 270 764301451
857 72 30 587114245
523 25 1 340685198
587 175 16 614444123
56 14 12 554718975
860 846 185 320335167
504 317 50 642596465
175 16 2 535270750
362 252 158 641646450
818 751 440 432462885
926 640 303 605759246
412 306 171 575086744
924 164 1 568892025
797 471 136 290028354
21 16 2 535270750
679 387 154 711486433
455 31 25 118249813
343 45 28 783512918
811 686 191 540157188
414 323 252 349346613
570 174 100 489191113
646 40 19 542030738
937 248 44 713750830
398 375 323 171188640
253 250 185 425049728
147 134 131 214419466
240 229 88 595873726
836 143 34 591148846
743 69 17 194878557
703 571 545 801202422
755 69 17 449099952
938 187 138 792467765
85 73 3 453394145
546 18 10 277896857
141 119 105 820701622
609 384 142 382970820
911 627 570 945197703
130 67 59 446082132
890 255 74 330164059
325 186 4 439243372
736 266 183 367969668
331 114 94 607928169
710 247 226 171646447
153 88 37 430129726
322 148 1 624743816
813 701 89 376105174
949 663 226 285564096
578 508 115 850213938
377 23 5 912032235
858 83 10 490253347
101 83 10 490253347
972 350 48 575008745
862 161 113 461967668
347 147 134 245477669
50 43 29 514492135
674 554 33 636265970
583 426 212 33942098
769 631 549 839576728
265 184 50 752414281
166 144 111 749626251
750 219 139 513178644
193 23 5 889586844
697 456 424 787214574
420 205 93 809743785
822 60 39 170967073
352 211 4 472795098
951 390 64 458332507
988 346 188 227138458
408 295 163 379728540
933 567 331 607353829
565 58 28 783512918
947 131 105 747598464
979 512 265 836182120
380 103 29 650041011
654 447 328 432092665
505 312 23 623005540
738 386 288 695373746
584 549 449 602805897
83 10 5 822893994
793 41 35 530469650
849 264 232 477410085
519 196 7 216383840
893 868 160 220616708
628 177 163 505506958
206 118 25 144776740
87 25 1 568892025
991 521 326 412870264
247 226 80 171646447
393 100 67 446082132
88 37 17 293778256
690 655 255 224465732
968 109 11 815924070
1000 382 353 771262819
665 67 59 446082132
267 6 2 535835515
625 298 136 529438496
586 229 88 729108601
655 255 74 223912292
855 277 143 488646126
711 617 504 869643085
242 202 196 544231644
213 141 119 538350858
308 67 59 143259561
753 295 163 99298270
454 225 84 235124563
932 923 197 785474992
500 152 52 811037670
961 301 153 646743054
691 519 196 216383840
424 310 29 494764081
847 846 185 750209036
527 434 6 635957490
540 170 162 327822360
168 57 27 365646875
260 98 95 291446385
452 130 67 570429400
611 556 213 617012617
15 11 5 777989666
125 76 57 721662775
51 44 14 609209164
963 644 375 459859446
810 54 21 351165003
496 4 1 568892025
785 361 242 590028910
539 273 201 553084659
892 675 365 341601854
198 185 73 750209036
531 505 312 581795535
161 113 85 461967668
720 534 171 247584136
964 545 473 715632301
485 481 7 325091271
48 14 12 575008745
167 28 20 560500043
908 64 10 458332507
883 758 700 484927159
272 261 87 587319065
136 30 28 288877994
215 192 33 243509175
92 45 28 501767054
910 729 257 179522539
530 218 143 488646126
234 172 69 132679037
987 17 11 148492321
955 821 688 491481200
827 769 631 594980382
984 351 308 272058945
349 90 52 335571842
693 598 296 507395752
603 542 512 537693949
155 44 14 609209164
297 226 80 174499762
330 84 42 677378530
342 234 172 132679037
575 136 30 288877994
