1000 998
629 816 724 126263144
621 897 391 796546541
696 322 185 803804896
305 790 889 153079778
330 652 692 609221623
253 703 517 578803480
537 563 346 245597626
231 706 863 483185655
480 852 407 473711558
156 1 967 762984005
842 945 498 943018627
513 799 78 86152666
703 517 550 578803480
168 506 901 216802905
746 420 122 507843506
973 486 314 92826472
826 325 672 349899880
768 117 930 266327933
890 345 725 634624486
747 868 866 265098675
275 631 470 573695907
736 154 109 604838578
326 534 182 357563431
19 602 94 603236285
553 515 293 282694282
580 663 123 215124006
262 166 282 620708515
369 241 779 910812228
704 362 440 612186184
230 698 680 255885953
409 473 925 719971881
386 639 887 479395838
265 671 424 913600690
832 536 12 232744002
850 929 441 733521305
32 934 91 686449440
608 559 614 652362238
922 121 413 490067004
325 672 143 652633001
484 999 683 206891091
887 460 480 266556851
982 595 905 496953678
249 931 818 324730427
37 731 427 678267851
279 371 271 586425478
595 905 353 294987055
558 144 735 262007403
77 67 721 563833410
285 495 305 539550249
512 970 243 633235955
813 215 520 214393212
730 612 262 732470955
350 548 654 477523454
174 150 916 199284066
395 904 819 450574409
220 303 46 446963793
391 914 978 418757082
101 582 310 204761822
28 537 563 642678444
319 1000 491 285886918
972 579 637 493477469
125 403 56 379828425
616 660 147 502235073
737 522 265 913600690
523 836 739 771067431
490 982 595 496953678
660 147 494 519231904
662 567 620 544390528
100 791 124 425787561
140 857 328 419296193
910 179 574 461649456
60 104 942 547598282
251 114 807 479951127
135 33 90 649801623
271 543 864 864890869
828 588 82 613626753
165 856 635 650147140
487 678 39 396301206
637 651 832 300062436
53 454 218 413917575
466 136 900 611726919
495 305 790 539550249
742 415 428 167122853
162 438 112 380732476
938 141 955 299910787
727 690 376 436417937
984 935 805 417367312
232 973 486 187974631
196 263 183 532287510
56 954 733 664248073
408 691 102 614432925
417 138 848 647509639
636 860 38 454273855
907 163 62 863862164
898 42 979 460530527
216 969 437 520540649
862 688 296 286109204
69 882 719 550851455
966 781 444 688920485
719 426 638 481891348
467 165 856 633073428
11 977 28 642678444
378 594 237 436864050
653 590 269 598388158
497 757 496 418571701
291 396 111 348445155
758 835 673 771067431
751 26 476 419582347
578 896 342 444249087
365 966 781 599291946
772 941 702 497973104
320 400 35 539202299
892 323 859 753223661
720 176 139 638212957
659 749 256 352796976
224 364 259 551742669
699 649 611 700071519
868 866 261 405531738
951 895 130 831117545
82 394 932 828912182
411 899 191 390609419
242 48 304 730412514
142 69 882 550851455
281 37 731 378975227
530 756 523 236131842
678 39 247 396301206
749 256 684 382506665
45 655 986 416530799
205 565 547 808796209
805 464 88 813306563
58 333 959 351903119
755 939 592 513697065
721 883 837 825001708
651 832 536 300062436
498 583 64 411908655
756 523 836 771067431
630 361 990 268649878
289 455 875 687889976
21 93 408 329210364
103 817 675 448817082
643 80 646 46141849
764 385 89 374486410
338 658 888 300721974
54 363 736 947303450
288 6 569 515048431
713 100 791 899189804
93 408 691 614432925
192 16 167 546650429
90 354 19 649801623
948 417 138 621667482
158 131 975 779917794
107 891 200 235719983
15 737 522 551162995
611 642 532 473182819
891 200 423 482427282
329 425 657 512891481
160 180 632 573695907
123 223 31 147055954
290 918 629 126263144
759 472 718 89189807
591 505 903 738628469
217 562 717 619893105
974 686 27 642678444
681 414 880 438144589
741 974 686 543209942
971 581 834 238502153
494 518 34 765296611
183 213 541 532287510
592 44 528 224539905
538 619 804 233314732
85 772 941 154317381
644 276 209 711054830
979 108 71 344503622
84 469 366 190509343
388 68 988 336733380
182 616 660 357563431
655 986 784 253641134
246 214 395 15823871
963 693 593 436864050
427 968 128 678267851
148 740 374 34593092
646 433 886 110423347
95 529 965 506738568
128 489 627 188975712
917 349 335 566359809
916 365 966 644724563
400 35 778 539202299
354 19 602 886970129
89 853 331 473711558
390 984 935 742338149
379 685 386 638934810
800 390 984 742338149
143 291 396 417681455
204 972 579 493477469
397 783 383 626022031
929 441 577 733521305
517 550 826 197329198
41 510 810 695077035
867 960 944 151577346
12 792 497 358498691
384 709 118 806427134
225 474 83 745981671
14 566 85 154317381
654 287 87 584976034
557 609 217 595975582
415 428 53 413917575
583 64 862 300175150
976 533 389 408349283
171 248 105 505569650
118 546 633 623320439
80 646 433 72415860
536 12 792 395806810
707 405 509 752825208
295 434 29 374675169
903 367 524 785512544
483 181 656 402940621
203 994 228 536233187
995 851 716 536233187
706 863 561 483185655
66 545 79 289297883
238 177 957 557639224
997 463 841 646613000
897 391 914 441073437
177 957 355 498070646
256 684 410 382506665
6 569 194 576529855
754 7 940 159013463
856 635 279 650147140
468 855 422 482427282
206 74 327 467362321
690 376 224 870864256
870 531 723 630193385
228 650 830 383742112
339 568 726 622813822
139 229 682 447880982
532 814 913 316989826
937 759 472 300087437
381 302 753 180028508
888 309 694 70146881
186 43 501 72401231
172 281 37 378975227
957 355 824 498070646
308 284 626 223039522
776 743 793 918540109
857 328 329 512891481
791 124 73 652808266
110 838 343 837636319
991 153 171 788012745
392 575 297 454296960
809 580 663 382633702
380 456 785 403357779
426 638 948 621667482
469 366 127 190509343
815 499 578 444249087
341 65 674 877935465
835 673 190 771067431
925 435 255 775363279
820 861 206 726703927
210 734 937 300087437
711 600 768 941878810
457 822 821 763250102
478 681 414 933087436
38 115 348 297286875
9 808 162 693134038
76 634 738 650147140
375 161 870 427658236
130 249 931 176822279
353 797 928 501612480
573 393 369 128211618
65 674 604 877935465
44 528 307 221454293
695 980 701 226559430
212 24 876 426383923
926 280 829 583006717
496 57 773 662671050
321 479 13 537710478
194 806 189 469514965
419 492 252 669870337
268 49 129 481367547
489 627 775 168279738
545 79 556 74004729
843 175 812 363279430
476 715 467 633073428
830 761 146 497601729
998 873 462 526987158
914 978 156 418757082
993 557 609 514855657
975 239 380 403357779
5 397 783 626022031
785 997 463 477741445
631 470 820 776991578
367 524 164 785512544
774 268 49 481367547
782 158 131 779917794
714 809 580 215124006
577 436 233 538786479
822 821 55 833881206
725 971 581 643862469
359 244 867 882391278
518 34 514 485922269
676 152 178 853223976
410 98 432 654235093
83 169 493 761222019
612 262 166 620708515
243 769 983 639406212
436 233 748 520540649
105 521 257 150890619
674 604 628 705537265
689 585 953 501813063
462 61 381 408679996
303 46 907 904875535
79 556 744 74004729
266 679 205 899816696
739 765 766 350448834
812 63 155 796905809
376 224 364 551742669
905 353 797 294987055
360 894 933 616056677
848 747 868 647509639
824 712 648 474022732
601 872 976 436421405
333 959 653 598388158
799 78 828 161404078
574 18 923 461649456
137 825 9 564505329
13 987 714 537710478
668 947 763 335988003
332 770 337 371741904
357 133 996 388979329
29 231 706 394408588
933 30 142 247334828
733 705 421 664248073
777 798 751 380388168
78 828 588 298859106
385 89 853 374486410
896 342 236 136361504
915 621 897 796546541
493 453 910 864794556
214 395 904 15823871
750 762 908 621905400
459 317 373 862674455
16 167 402 667387345
81 339 568 622813822
921 372 448 773670311
282 321 479 233710090
647 145 11 474381167
506 901 338 300721974
986 784 909 386610530
241 779 106 912299980
244 867 960 882391278
450 572 457 571339897
343 319 1000 601248446
900 730 612 295739982
71 865 664 597972106
698 680 251 569729663
307 720 176 638212957
372 448 606 258238716
34 514 912 157516068
781 444 290 599291946
529 965 708 727067931
247 503 847 801047881
700 687 54 638695491
322 185 151 637951281
796 222 586 301462002
88 670 77 546890567
806 189 854 469514965
606 755 939 258238716
449 45 655 226435456
920 554 746 569253888
784 909 938 277217151
544 911 277 458937222
342 236 359 136361504
283 202 375 360893863
679 205 565 816102368
477 958 922 490067004
473 925 435 719971881
846 508 316 575121409
834 871 981 799118048
694 274 99 596497233
638 948 417 621667482
317 373 618 546813328
94 788 270 176058028
50 315 8 545426727
273 643 80 44022498
27 833 193 642678444
969 437 729 520540649
693 593 917 436864050
164 711 600 944455083
422 813 215 214393212
913 443 234 419036361
398 789 754 130792438
924 173 264 623752573
399 573 393 128211618
389 419 492 408349283
999 683 4 875149419
795 96 210 53396693
790 889 198 115400414
549 661 199 474888111
686 27 833 86167966
875 295 434 374675169
377 538 619 282760591
657 439 613 513488041
628 246 214 413073014
633 742 415 167122853
904 819 995 536233187
405 509 839 288976594
439 613 504 295739982
277 787 539 459868803
315 8 544 458937222
176 139 229 661546306
559 614 488 652362238
661 199 943 474888111
640 174 150 199284066
970 243 769 639406212
425 657 439 513488041
501 324 66 447211993
258 776 743 596092230
692 225 474 702506983
829 803 780 471036337
590 269 596 575159149
683 4 387 875149419
697 500 727 371322280
57 773 170 392503363
793 97 203 918540109
407 560 884 329210364
447 774 268 491065533
428 53 454 413917575
682 401 382 447880982
961 801 647 802875023
874 285 495 678713973
841 288 6 576529855
778 551 878 644189859
42 979 108 344503622
442 608 559 652362238
879 599 707 411300606
86 59 341 460116616
766 412 378 773867751
940 527 927 432905408
412 378 594 436864050
840 358 47 785297843
33 90 354 886970129
959 653 590 491412370
138 848 747 265098675
112 879 599 383484966
68 988 511 235539967
988 511 610 235539967
748 289 455 687889976
789 754 7 159013463
488 576 245 549657391
596 431 732 383403779
825 9 808 564505329
486 314 468 92826472
978 156 1 535370966
947 763 17 756105032
798 751 26 419582347
393 369 241 242097172
248 105 521 505569650
30 142 69 372663943
438 112 879 380732476
287 87 232 360383939
889 198 615 115400414
729 230 698 214465092
787 539 946 459868803
635 279 371 586425478
414 880 553 903902287
817 675 558 757508399
458 991 153 788012745
589 450 572 499000218
912 741 974 543209942
865 664 490 415449905
687 54 363 947303450
463 841 288 515048431
767 220 303 739318128
370 758 835 801648294
576 245 266 883044204
348 58 333 351903119
620 226 795 53396693
149 831 728 92320700
726 107 891 235719983
618 607 669 385094844
740 374 286 34593092
245 266 679 899816696
434 29 231 374675169
104 942 92 547598282
430 617 235 136361504
569 194 806 129717182
382 458 991 491102784
180 632 630 526562736
584 294 920 438120922
331 336 404 452401702
406 377 538 282760591
983 5 397 704759861
516 598 845 191560302
40 540 665 434575262
990 250 846 490491983
74 327 767 512891481
371 271 543 458937222
918 629 816 473537172
461 466 136 611726919
474 83 169 761222019
623 221 137 184317714
743 793 97 654235093
443 234 950 454098190
347 196 263 475417111
562 717 81 575820846
717 81 339 908045701
278 710 347 455315614
472 718 564 426086410
141 955 552 303939808
64 862 688 300175150
656 326 534 376404492
712 648 869 474022732
131 975 239 880157932
663 123 223 147055954
222 586 449 239512134
810 713 100 695077035
235 622 356 170448188
849 126 823 567073588
543 864 340 458937222
734 937 759 300087437
264 892 323 753223661
270 512 970 792420169
313 172 281 502517590
193 187 301 647987492
763 17 32 756105032
250 846 508 490491983
610 186 43 72401231
989 332 770 352587685
885 125 403 237528770
510 810 713 899189804
272 168 506 552987005
962 549 661 385125862
932 902 219 519591222
144 735 51 262007403
111 227 465 799810015
985 320 400 742033727
579 637 651 426130746
836 739 765 350448834
950 516 598 255475327
775 750 762 608200099
967 700 687 638695491
280 829 803 583006717
588 82 394 613626753
113 409 473 429961097
187 301 299 687287900
433 886 103 322993711
804 447 774 491065533
953 134 840 501813063
645 207 40 299878626
91 689 585 626585010
672 143 291 652633001
884 95 529 229748054
336 404 459 452401702
311 406 377 282760591
935 805 464 417367312
753 452 752 310792717
124 73 815 652808266
808 162 438 234660625
685 386 639 479395838
563 346 86 245597626
911 277 787 384854746
420 122 919 438120922
184 989 332 371741904
20 745 570 603236285
598 845 379 191560302
87 232 973 187974631
293 2 132 653909866
8 544 911 458937222
587 535 442 410611792
837 858 603 474434069
446 843 175 363279430
626 481 384 210717435
2 132 411 653909866
571 507 334 312358837
269 596 431 575159149
324 66 545 447211993
520 877 110 547036429
153 171 248 505569650
871 981 258 799118048
552 195 15 525031938
263 183 213 533403279
680 251 114 479951127
981 258 776 799118048
3 461 466 611726919
147 494 518 765296611
838 343 319 601248446
801 647 145 474381167
833 193 187 647987492
259 893 160 968997955
401 382 458 201547921
575 297 677 752960392
211 800 390 743432879
470 820 861 776991578
491 555 542 458937222
511 610 186 235539967
254 3 461 565431434
570 313 172 502517590
99 149 831 271233624
702 964 659 550927908
847 874 285 678713973
67 721 883 563833410
567 620 226 535094367
358 47 272 785297843
452 752 601 328441487
97 203 994 654235093
960 944 275 118606599
155 676 152 616942096
364 259 893 551742669
845 379 685 228566327
373 618 607 434693649
977 28 537 642678444
356 796 222 301462002
934 91 689 626585010
344 949 204 337612804
855 422 813 482427282
665 308 284 434575262
895 130 249 324730427
300 238 177 778229803
863 561 961 603654139
883 837 858 474434069
431 732 921 383403779
25 192 16 305616160
59 341 65 510895003
603 283 202 360893863
26 476 715 727284214
23 240 352 864400294
604 628 246 413073014
797 928 502 771044158
547 571 507 808796209
121 413 267 674163641
432 666 625 200060101
542 344 949 337612804
261 242 48 730412514
403 56 954 379828425
923 76 634 217629013
189 854 52 469514965
340 640 174 444090749
858 603 283 360893863
901 338 658 300721974
481 384 709 402940621
465 10 782 420126600
859 699 649 568999682
215 520 877 512758036
213 541 253 390094727
355 824 712 486737577
939 592 44 224539905
546 633 742 289297883
485 936 120 712632826
294 920 554 438120922
860 38 115 454273855
936 120 273 712632826
565 547 571 816102368
673 190 998 888249141
649 611 642 501905952
607 669 418 410191311
284 626 481 223039522
521 257 350 101728550
893 160 180 968997955
448 606 755 826607659
133 996 254 388979329
831 728 477 92320700
566 85 772 154317381
819 995 851 450574409
864 340 640 479395838
564 644 276 478683458
648 869 786 474022732
821 55 811 899814809
919 589 450 438120922
619 804 447 233314732
880 553 515 438144589
816 724 360 473537172
980 701 764 226559430
260 357 133 534054776
267 184 989 404786129
296 881 370 525775023
869 786 487 419674880
745 570 313 789892031
151 208 70 195214071
51 794 260 722467751
173 264 892 753223661
413 267 184 404786129
771 956 306 701556541
852 407 560 473711558
639 887 460 266556851
70 429 760 240729450
92 525 22 459871381
7 940 527 289914915
126 823 519 192401875
624 478 681 624092053
150 916 365 330801753
328 329 425 512891481
237 926 280 201926371
949 204 972 493477469
115 348 58 297286875
818 318 696 837967877
535 442 608 410611792
445 392 575 454296960
593 917 349 467818274
314 468 855 474402753
418 802 20 603236285
503 847 874 801047881
872 976 533 436421405
349 335 475 467818274
594 237 926 201926371
844 416 312 720272547
752 601 872 726808359
351 388 68 446513008
522 265 671 913600690
597 60 104 547598282
650 830 761 434160499
701 764 385 160953199
1 967 700 638695491
811 101 582 204761822
188 530 756 236131842
108 71 865 268207362
309 694 274 70146881
218 212 24 505777059
208 70 429 195214071
209 119 624 711054830
136 900 730 769730803
219 445 392 379223745
109 906 985 742033727
928 502 430 771044158
548 654 287 584976034
236 359 244 458651566
641 159 398 490981364
599 707 405 383484966
166 282 321 233710090
444 290 918 620362702
505 903 367 785512544
670 77 67 546890567
526 292 446 388014026
63 155 676 966461796
43 501 324 447162971
861 206 74 467362321
541 253 703 390094727
605 526 292 388014026
334 992 951 788012745
170 485 936 265215532
500 727 690 371322280
454 218 212 426383923
306 298 584 441162759
996 254 3 527164019
519 188 530 236131842
479 13 987 870470125
671 424 849 896838875
312 597 60 460116616
534 182 616 376404492
96 210 734 406358501
792 497 757 395806810
146 368 704 565290526
708 915 621 796546541
853 331 336 473711558
946 14 566 906800639
854 52 662 930635266
839 850 929 440112287
992 951 895 831117545
200 423 330 609221623
255 148 740 271233624
514 912 741 157516068
945 498 583 943018627
899 191 216 428587516
952 25 192 546650429
723 23 240 864400294
181 656 326 333396388
132 411 899 390609419
691 102 844 828912330
383 962 549 848392809
72 451 135 404494005
116 952 25 600210059
169 493 453 852608067
195 15 737 551162995
297 677 924 752960392
617 235 622 170448188
102 844 416 828912330
346 86 59 245597626
61 381 302 408679996
226 795 96 53396693
709 118 546 806427134
551 878 72 831178487
731 427 968 678267851
48 304 842 646613000
722 84 469 340409963
302 753 452 180028508
602 94 788 176058028
761 146 368 680685177
878 72 451 185272576
744 668 947 240862209
968 128 489 468349792
735 51 794 425204348
46 907 163 304432118
22 645 207 299878626
540 665 308 722559453
423 330 652 609221623
257 350 548 101728550
732 921 372 383403779
202 375 161 427658236
198 615 587 120148445
508 316 157 862674455
134 840 358 752942449
301 299 21 180028508
572 457 822 575237710
525 22 645 219196701
554 746 420 569253888
773 170 485 265215532
421 890 345 634624486
127 483 181 402940621
502 430 617 735426223
175 812 63 796905809
877 110 838 512758036
807 513 799 161404078
352 41 510 324182493
765 766 412 350448834
154 109 906 604838578
464 88 670 813306563
866 261 242 405531738
114 807 513 320903022
416 312 597 575159149
634 738 898 650147140
239 380 456 403357779
337 50 315 452401702
122 919 589 499000218
769 983 5 704759861
956 306 298 441162759
482 75 113 402940621
316 157 201 862674455
667 116 952 637403378
823 519 188 435850861
387 963 693 507758553
882 719 426 678267851
252 197 827 805168429
129 300 238 806028865
49 129 300 806028865
179 574 18 461649456
323 859 699 700620746
504 482 75 235796186
368 704 362 612186184
786 487 678 396301206
362 440 591 612186184
161 870 531 630193385
873 462 61 526987158
460 480 852 473711558
561 961 801 168708243
705 421 890 634624486
627 775 750 168279738
404 459 317 862674455
191 216 969 546650429
931 818 318 772244786
582 310 885 227835724
440 591 505 733521305
509 839 850 735710371
942 92 525 459871381
710 347 196 398034324
600 768 117 639406212
669 418 802 410191311
955 552 195 525031938
394 932 902 519591222
190 998 873 888249141
47 272 168 552987005
499 578 896 444249087
539 946 14 906800639
441 577 436 733521305
276 209 119 711054830
119 624 478 741723172
396 111 227 348445155
550 826 325 197329198
762 908 211 743432879
178 722 84 825001708
958 922 121 674163641
402 278 710 455315614
24 876 695 505777059
4 387 963 799238406
233 748 289 538786479
234 950 516 454098190
783 383 962 626022031
664 490 982 496953678
632 630 361 526562736
675 558 144 757508399
106 140 857 419296193
528 307 720 221454293
556 744 668 215172054
780 311 406 344523483
658 888 309 128410567
456 785 997 477741445
987 714 809 382633702
286 993 557 595975582
560 884 95 229748054
366 127 483 402940621
515 293 2 282694282
908 211 800 621905400
716 636 860 726703927
941 702 964 550927908
531 723 23 864400294
677 924 173 752960392
229 682 401 447880982
492 252 197 669870337
614 488 576 883044204
240 352 41 324182493
688 296 881 286109204
886 103 817 243286345
117 930 484 206891091
299 21 93 687287900
568 726 107 494422008
738 898 42 460715961
715 467 165 633073428
964 659 749 534967702
533 389 419 322045929
167 402 278 667387345
429 760 471 361630359
73 815 499 652808266
152 178 722 825001708
310 885 125 237528770
757 496 57 418571701
18 923 76 217629013
98 432 666 654235093
724 360 894 616056677
207 40 540 428186367
927 697 500 383202456
31 771 956 701556541
794 260 357 534054776
881 370 758 801648294
197 827 641 490981364
718 564 644 426086410
954 733 705 518679721
1000 491 555 285886918
274 99 149 596497233
304 842 945 646613000
507 334 992 312358837
471 36 351 361630359
666 625 623 676043805
453 910 179 864794556
851 716 636 348549877
728 477 958 258403476
145 11 977 474381167
298 584 294 277361583
39 247 503 527341046
625 623 221 146615151
62 667 116 637403378
803 780 311 435301526
760 471 36 240729450
527 927 697 383202456
223 31 771 438990328
814 913 443 418757082
227 465 10 799810015
902 219 445 519591222
613 504 482 295739982
424 849 126 794587175
802 20 745 883958269
335 475 605 518256546
185 151 208 288839285
581 834 871 238502153
684 410 98 654235093
555 542 344 458937222
363 736 154 604838578
437 729 230 214465092
652 692 225 702506983
965 708 915 727067931
35 778 551 644189859
906 985 320 742033727
788 270 512 633235955
894 933 30 247334828
163 62 667 637403378
455 875 295 595758768
199 943 777 474888111
585 953 134 501813063
345 725 971 643862469
292 446 843 388014026
55 811 101 899814809
943 777 798 380388168
361 990 250 268649878
827 641 159 700908501
770 337 50 452401702
930 484 999 161984010
779 106 140 910812228
435 255 148 294956178
52 662 567 535094367
318 696 322 803804896
586 449 45 416530799
642 532 814 316989826
221 137 825 184317714
36 351 388 446513008
876 695 980 415518325
451 135 33 404494005
909 938 141 299910787
327 767 220 512891481
944 275 631 151577346
159 398 789 191587167
609 217 562 575820846
10 782 158 420126600
524 164 711 944455083
475 605 526 388530623
374 286 993 41395515
17 32 934 686449440
120 273 643 46141849
994 228 650 434160499
75 113 409 155981947
622 356 796 301462002
615 587 535 410611792
