996 1000
848 457 378 880385818
743 926 806 553228470
619 544 861 974849688
698 389 756 951371810
120 71 828 505821547
318 940 217 549943590
536 852 664 540115645
107 749 796 966841837
905 659 358 596025315
622 988 532 365141303
742 687 206 69113219
830 712 5 484296740
107 473 839 302448568
453 307 7 792070944
654 126 878 841000809
471 630 985 519392997
988 579 237 268039504
47 827 335 678346424
388 801 792 109290529
437 61 645 298744007
383 447 106 793628986
102 730 497 894288120
547 667 495 425503
630 19 385 825337062
785 876 140 60345160
668 205 7 544935152
35 880 3 305749028
724 670 863 275102051
498 291 410 580006946
700 26 399 451499386
747 442 726 773123720
704 509 64 791051698
135 618 517 348136255
624 785 646 581577058
157 118 87 411795389
148 921 824 477890718
277 339 510 400885632
775 456 986 535690122
920 742 123 96889582
238 234 111 886576432
111 435 782 44950700
968 804 665 779485859
815 402 238 549876986
185 736 429 884106667
885 846 700 502078450
439 704 182 28381208
168 192 742 343142702
244 748 208 795428695
602 811 135 848776585
83 787 344 402570571
646 734 594 112922843
496 224 179 671804961
575 722 540 508237576
171 18 149 530573832
196 61 52 256081514
493 795 360 185090036
301 563 366 464954311
566 36 502 374887861
266 891 520 289439522
366 53 843 353424030
827 73 896 337220495
660 87 76 723545049
89 167 688 871436232
525 395 169 312710283
148 320 359 786288355
529 836 773 737676109
895 969 263 405038571
655 733 578 109608995
601 542 775 321913275
868 850 110 620004618
418 205 423 370462038
148 538 790 25135759
482 351 53 146605085
961 820 833 149528187
980 82 85 90917417
730 975 776 382356715
249 617 722 704704366
192 947 489 787657425
524 354 560 319719132
747 695 963 400680508
250 597 224 770582758
642 41 771 866087969
297 768 140 32526027
845 449 725 629216078
341 623 258 613112804
472 604 376 834634619
929 265 360 192969635
238 968 145 86847571
568 317 316 872757677
238 930 739 498987878
454 833 53 187113413
721 899 651 10672398
951 881 178 778011103
13 383 554 500626768
895 34 690 910428707
836 644 790 810838761
472 949 475 384934421
616 760 800 139932881
596 375 70 779202524
154 1 184 748639688
894 777 408 25053225
794 988 71 578534159
979 16 172 200238255
563 198 820 516440382
528 911 309 958159783
491 443 45 215490042
290 105 94 923087231
927 995 555 149548582
514 281 443 324768316
887 577 944 576352241
886 276 921 186906515
554 953 975 407988990
29 545 725 984937121
140 987 887 442700022
425 864 191 636188976
877 194 852 67343257
502 209 718 252531395
456 480 771 381789290
312 541 698 324632572
96 941 98 787031775
235 853 134 278440633
878 906 508 961483906
144 836 524 148769796
887 821 454 884000634
843 465 549 44096856
753 263 520 14314198
1 961 938 670210293
800 550 224 299472696
444 723 876 493081949
730 54 222 30036633
13 104 671 795225209
29 530 606 98014445
855 456 2 421824705
989 183 833 76439494
749 52 594 79210042
565 635 184 202378728
355 268 88 68055415
319 149 723 122737359
230 829 360 720295363
34 48 27 832085983
131 226 349 887575037
882 939 906 105000221
680 970 420 703721135
207 934 80 412643856
438 214 292 704308054
823 985 422 898906385
856 704 506 295677259
67 17 272 790242414
959 233 67 687612689
621 875 418 236534136
833 666 763 7132462
767 13 776 379457363
291 12 321 157712623
204 948 519 704631432
169 925 914 809404824
177 820 183 292298796
156 146 651 241842254
730 498 552 822553673
532 181 995 721646858
901 835 944 366870110
593 200 600 825534971
291 963 194 753996441
915 386 877 440920477
69 615 304 111610029
101 862 806 711499080
603 489 759 326036953
889 202 652 806978408
299 818 519 488706702
448 468 555 638357149
939 265 149 300625226
221 35 153 412859165
85 550 626 107948945
335 513 795 87829122
672 770 957 824667589
117 9 801 468835304
584 706 74 893763738
652 795 428 357058371
64 397 977 868080836
405 929 732 625400145
566 722 621 582376896
788 451 617 749325242
813 463 866 947196871
995 936 32 764288978
794 331 508 532352566
129 320 125 914666769
894 66 993 694224968
583 944 603 649980298
684 136 77 695928409
261 853 18 851741662
256 338 62 228507906
411 928 523 345696613
431 974 737 542230368
426 272 870 944624204
332 154 891 61565231
435 356 97 713975761
468 407 293 724931434
462 629 145 566851050
47 607 197 134784149
495 249 253 404921536
836 948 181 824761767
127 71 31 271307729
574 329 227 746242513
208 807 754 857499226
921 820 392 855354331
642 551 460 850183746
546 794 591 916157921
389 925 829 931012400
294 467 405 541043470
534 735 882 706598141
494 675 19 710763354
763 908 297 88966688
464 712 517 922298067
631 745 45 145279229
219 549 279 646022888
46 959 512 120059624
324 704 508 98170938
340 787 692 740183419
641 358 330 404600150
72 515 350 401388408
883 256 208 253778796
558 808 271 403679631
354 504 267 429150437
439 269 145 603443816
23 237 79 707780031
575 428 117 991001707
212 606 969 28493566
646 909 681 671781089
38 329 710 119848067
736 656 155 795821385
131 709 245 784713030
527 729 148 235100525
919 852 3 367424238
935 60 746 137997315
308 775 804 652504004
484 136 229 638195601
343 895 444 68039942
226 683 994 190593298
636 149 18 369611281
708 163 364 587904734
712 737 110 340854613
393 46 254 878553605
603 110 963 153811161
881 177 468 644688805
387 115 1 743152516
593 183 208 473776124
629 972 664 891933490
459 32 837 341753515
296 536 811 791952064
349 662 32 806210494
740 321 881 373755005
773 345 378 284529760
248 323 524 482405985
881 209 32 154732207
716 885 974 875039543
155 506 20 972752882
337 99 859 275300516
444 171 9 289382662
65 392 881 522382404
25 493 834 152678872
38 788 467 948299081
810 648 676 909959012
946 729 438 545664935
706 509 246 316802984
481 26 189 106122915
659 250 278 726473917
716 352 795 834979980
810 83 244 715413363
951 387 178 716405659
6 164 963 350352621
986 568 235 246687711
344 45 696 329340252
471 396 869 906268876
397 929 897 934212828
450 514 788 805205771
858 631 331 551701149
790 981 62 236113878
396 55 492 366660722
823 990 698 650260690
546 684 639 20585327
851 702 426 420782653
856 895 181 854069901
94 317 888 309980910
825 98 401 966903454
35 471 597 212646202
560 882 549 229484564
853 163 56 580530239
789 107 370 381476978
196 242 524 753949442
294 395 925 770941738
266 980 330 872537321
515 784 412 805662551
788 76 948 497423909
767 744 39 784151529
726 794 156 610749414
762 41 638 263729991
895 539 234 683664851
105 887 31 474667171
663 182 295 915039375
313 712 873 787475884
909 347 44 660955365
968 105 243 976187224
601 981 759 683176773
220 966 51 659522530
299 698 122 516933308
989 411 953 391263947
164 479 400 514986192
803 877 983 596218964
566 548 138 166346231
681 269 555 368666777
934 571 663 822199730
940 190 46 847721462
463 697 647 293401244
80 559 143 187872511
697 697 670 477884180
937 368 55 306609178
840 882 625 390914941
977 176 249 14465999
968 650 704 263777877
427 410 176 146727438
696 616 987 144334135
935 732 824 330243645
791 312 669 184181262
302 950 134 609612444
497 122 719 137411521
697 418 572 523779061
400 531 331 391494530
432 339 201 445317255
498 521 894 312115576
734 196 867 471997914
980 650 152 561948746
3 715 107 435258894
43 166 922 54012965
152 399 315 662672371
79 818 279 400709089
527 447 555 929784503
895 339 828 886986136
487 88 379 899776882
768 943 43 553858412
590 383 179 816716823
568 529 609 182898433
369 640 100 164170878
472 542 450 415542276
973 296 282 846756699
185 510 822 928430653
616 624 976 534486735
109 765 887 643738077
117 464 310 928714203
369 204 182 955435083
992 197 471 88992912
140 818 25 447943647
153 871 647 685600000
101 576 175 538154670
200 191 550 473751538
183 927 505 996862828
628 742 349 657380131
309 426 917 442706453
9 966 186 66531392
384 152 31 407341717
831 801 882 839315330
462 136 578 837197808
478 142 43 957849396
435 802 894 224612863
314 151 400 262947631
201 530 46 599256653
852 221 921 512993101
514 627 300 553515518
34 946 679 730051746
66 664 938 960244258
300 809 328 759490551
709 368 9 245162631
664 508 923 113894588
319 676 384 470820440
344 364 337 938245826
657 906 945 995992469
988 788 115 325002210
545 384 995 737109997
575 456 949 906138257
547 348 196 398480899
776 474 735 324670625
348 107 478 919141547
984 610 959 430572557
759 325 71 42544096
284 243 984 569093016
518 302 694 855518840
581 718 600 361565047
578 611 412 945457073
926 516 742 197489077
529 242 798 706131631
68 813 225 308536286
599 788 562 887444235
490 124 522 61590531
33 485 742 7232531
227 621 747 882294625
461 196 745 595679318
598 324 811 549445212
207 977 453 381494601
857 116 69 120080777
996 515 491 432185879
988 17 431 350932948
82 835 416 955721420
904 651 891 21142089
193 608 183 658246912
815 883 721 364645128
259 519 855 316071369
697 121 780 114822540
539 200 624 643273000
395 186 974 151631786
410 233 87 513433533
608 691 616 374980554
20 120 436 889416022
249 222 70 697393613
638 110 208 491831695
396 380 264 403114668
959 167 576 136543826
200 367 330 650640420
201 729 179 518613064
907 830 465 250920652
974 801 20 984445171
150 882 916 814855790
329 3 37 89973635
343 242 542 726200564
11 71 27 737169561
492 495 239 107995251
766 20 375 699022847
131 600 297 457778570
11 285 765 443999895
49 685 870 420908322
497 983 305 601611342
190 105 969 180655752
618 326 615 62354474
626 285 715 167530241
685 218 115 178244240
482 423 253 622490038
312 151 380 23879638
670 833 824 976592065
847 628 309 915725781
845 102 625 389172163
453 508 633 792988888
76 589 387 875042874
816 658 705 755549877
2 932 869 530422096
588 339 673 60202561
985 14 895 809150668
968 310 98 446029611
925 598 260 595936211
735 721 873 45785093
567 976 226 424545330
755 47 537 612438774
310 195 895 9880562
270 111 5 188871745
843 183 711 804404817
245 889 530 617145138
21 507 439 767738185
444 743 21 253973569
59 758 80 227906337
734 679 177 595134142
796 960 868 162147370
681 786 112 915019637
470 217 422 441693197
145 89 897 40060514
410 628 842 292924862
611 495 871 666919109
91 492 821 412728194
289 67 915 297272437
748 617 602 804089088
788 171 135 597693404
346 396 195 207258546
616 816 597 492837773
650 937 982 353771684
880 196 177 185872764
226 350 92 189150455
677 892 993 320901666
504 920 69 208004879
146 416 652 929626718
260 842 100 660477670
745 830 372 378606946
11 827 849 91083493
488 515 546 136705273
289 946 733 603530410
896 363 634 293405409
778 55 966 506015331
236 622 792 62310503
191 987 292 812453635
842 30 947 105862779
210 430 418 970936283
31 70 545 804055827
727 117 96 320825529
357 175 320 344470754
148 441 253 854343954
448 357 576 802458646
614 194 280 433097121
786 347 223 574857773
638 447 612 3543366
144 526 322 782298372
355 582 598 14561021
785 216 440 573730902
563 969 96 85970483
668 550 838 233423216
315 318 183 189711670
130 991 676 258561545
468 571 950 453433942
34 724 85 456827024
256 836 32 187333323
834 828 148 41357469
917 67 902 84394668
290 579 202 406576906
667 232 487 773214978
809 189 545 261594937
457 596 654 7449046
367 83 523 264171274
625 42 160 116310495
509 502 555 473484327
951 374 397 9712847
546 821 535 867232351
494 732 639 39550159
475 408 587 480625016
125 618 831 268698406
232 459 384 845108901
453 771 597 46559727
527 463 604 668906298
512 554 266 240207601
727 912 441 570547939
464 799 863 773572881
203 271 531 931057909
456 835 845 734900844
315 896 982 471725427
868 762 298 276855806
723 943 369 391259156
142 17 862 298255830
940 679 663 922841732
225 665 361 839438659
417 658 271 171633872
613 918 201 942635292
269 183 500 177188451
8 402 33 806001621
162 578 106 163269632
909 1 523 906645763
342 735 894 972572398
416 406 465 972857775
731 320 578 135075898
5 7 156 280241523
72 843 303 738721726
389 142 432 204519652
94 602 459 236998963
868 422 23 135491356
917 809 56 230008094
498 52 143 412461714
496 160 480 39449140
941 492 426 658456709
852 357 790 118880539
532 63 44 235493370
229 584 351 816226562
897 151 275 404766257
726 848 40 696524529
262 780 224 69151374
81 124 967 769382880
482 697 181 93006962
614 758 92 304998817
825 331 102 403558614
343 660 392 759032550
844 752 36 391630399
939 662 617 577030703
316 933 715 31793696
808 7 637 636018190
580 690 576 782479678
833 187 588 879116718
445 861 866 91139685
85 640 862 352002120
538 263 203 257370456
66 163 98 582359576
422 808 329 78520140
107 6 411 650406289
190 950 84 678025741
877 411 725 573164277
561 298 612 523349567
701 20 144 55952672
484 142 785 112425294
960 911 345 87784519
173 831 165 113286046
129 468 851 283571691
143 163 553 248998039
853 555 754 500495567
136 427 130 446280366
87 586 672 317834683
303 200 40 972961247
757 990 711 549517865
786 931 645 662779409
781 376 154 526108500
85 950 306 614138096
687 216 375 849767949
545 250 462 908497343
23 855 620 377543417
992 113 41 13113832
714 591 772 239828684
905 441 805 158108974
463 310 709 314514996
569 607 924 988876684
560 195 523 485240397
645 752 751 536193430
486 300 152 377103631
342 728 912 794815488
147 941 588 719396500
747 923 801 672325731
684 200 248 516013021
200 788 33 878905407
721 554 538 908779354
516 180 987 573516617
452 974 418 398270223
170 486 676 864069238
877 45 66 705855157
776 482 681 562291480
386 866 784 450740202
663 609 366 832756847
35 786 745 581794861
832 967 781 244933840
343 626 780 51054041
439 168 174 915940173
791 903 888 255595882
95 823 31 291131309
330 707 260 73406639
98 579 460 289845030
147 316 342 397307801
133 600 642 743207323
137 29 984 335533266
340 6 701 174543928
551 604 937 674165942
732 739 75 290225587
131 657 136 642012821
521 433 260 650860245
467 151 464 589306574
255 669 477 493035734
467 813 437 42093234
839 718 921 423176814
970 692 95 976094814
842 955 70 184526201
404 303 71 185190957
667 944 54 635224275
424 651 727 318088956
441 602 128 332335019
662 360 183 158458577
451 147 661 501473840
709 827 371 731671277
943 164 634 2567489
169 699 482 313313454
751 441 78 869277544
565 293 112 765013354
420 960 222 602751748
24 194 591 524537085
137 540 222 347231407
354 56 613 442736333
504 912 783 650633303
725 108 872 952692823
757 478 441 94968875
557 157 573 17292653
183 921 408 410140285
176 334 1 110994040
517 332 874 743757598
964 545 824 436785882
74 218 965 408709831
875 440 700 509404011
952 939 90 248176261
311 980 175 640792324
167 532 802 592074952
621 480 804 193427316
661 103 431 577596943
52 287 343 425158788
345 970 842 322458351
992 679 684 788969621
601 458 332 385124582
207 565 134 431616917
905 188 457 493295553
418 153 457 803760042
855 577 819 405161773
30 460 869 376364411
453 163 721 774896612
688 568 144 54236972
524 638 337 539674422
761 920 864 720978969
914 738 328 333797759
148 883 174 39255250
105 460 192 805092816
227 145 54 292113942
181 827 14 575081969
218 146 450 224573169
448 409 110 653791345
885 643 873 623676002
64 30 233 974425721
806 824 97 644919562
551 770 848 898927018
238 819 825 494597080
656 580 307 658512412
269 893 445 690568495
85 716 365 411458672
307 39 603 487194255
983 870 288 924120375
465 788 393 240353218
459 249 966 781403964
978 715 907 906170500
429 558 821 244236467
757 290 287 528658840
23 412 332 728948977
364 22 347 170377368
493 496 408 102420171
121 755 611 664612265
515 520 689 505891582
309 590 540 997300106
136 859 856 921601430
607 904 770 695404048
507 83 416 808596921
469 900 652 976643156
106 903 589 377336857
268 10 774 611677900
462 177 753 773498799
400 557 184 124750591
481 191 639 884876998
430 660 93 525364152
182 902 290 135440546
255 295 110 53570700
930 16 215 275646660
379 291 694 214879258
46 40 558 974239929
709 868 940 653031089
454 402 446 982885788
474 546 341 559053235
109 45 47 866234040
622 497 729 491639945
854 492 745 712579920
399 335 797 260006723
49 967 195 62068039
62 651 326 69541365
429 790 558 809616945
821 473 10 963363310
965 607 811 436958537
180 870 991 240336303
809 790 307 817277118
140 802 895 325734909
738 167 495 528814343
820 656 155 784302387
275 649 197 72537300
465 561 126 191816623
399 445 438 586170619
44 337 184 494197876
815 262 521 585551540
977 588 686 898458850
225 365 796 54311151
479 37 472 744802305
116 915 979 432189676
296 182 503 975650414
966 352 241 337890737
647 962 49 217899722
489 641 927 400950582
416 600 924 423412794
478 835 665 430173608
86 717 123 535338219
326 729 187 501834959
676 171 917 19026197
154 672 494 181818776
302 76 897 366363093
897 96 797 939752245
507 59 877 633965195
652 981 743 132368106
244 341 230 682355867
401 179 8 192722431
199 151 94 313860777
686 573 926 577591253
835 831 934 733853361
168 630 41 487923038
226 281 739 206747643
808 342 991 641395165
438 594 638 495703018
460 16 208 515760963
130 800 37 976180378
783 526 867 133012665
870 992 889 93667135
215 76 120 38114479
278 544 623 102512698
607 716 16 531984443
176 163 707 703086502
787 918 182 957740565
370 353 346 863178803
15 938 201 235335351
318 816 670 210720118
433 247 375 971111295
974 177 285 328760856
107 658 104 424023020
871 27 676 755959567
618 486 936 848905130
477 662 438 337584383
747 394 446 208455066
490 576 529 905230243
341 47 756 142984516
662 711 296 250902608
264 772 29 25616681
527 440 342 905646219
749 987 239 772507970
3 228 687 100717312
959 747 485 330574227
143 309 629 691465721
512 833 514 926958627
53 729 52 582611989
374 240 543 393821172
800 69 2 998613663
598 567 820 462772238
251 547 310 163867253
108 43 647 35925508
227 456 844 16678730
778 525 184 195777187
886 607 887 368280312
177 366 355 922102430
551 147 441 340126146
416 125 149 553734925
128 906 162 692160182
183 960 160 427784640
667 476 756 479478687
570 902 459 371255615
570 134 653 519017303
658 763 634 315589454
727 548 82 468822023
136 537 488 963692685
40 398 931 67516113
177 384 326 296801225
2 246 709 622730981
507 667 582 691359579
595 13 336 830940930
686 683 877 508289417
357 886 289 863270297
114 873 148 736970672
317 890 821 90995673
871 540 433 816814768
59 386 820 895663877
553 528 642 105392878
171 428 951 446098179
866 334 944 955442412
215 931 330 200574204
385 49 302 773375369
547 686 386 993424056
830 489 773 164201643
263 392 942 752928729
530 813 832 860214327
133 5 367 314283191
348 686 688 565453093
111 329 239 137594563
460 750 498 964157716
455 220 919 248587274
517 617 820 425581512
281 951 710 592538785
965 563 918 910919778
334 821 959 903610118
963 860 674 2990958
836 766 618 942008642
582 878 371 98050134
816 415 510 557599523
7 788 775 791209821
711 138 711 525503087
204 765 474 270241420
580 791 477 497017079
650 935 265 823712175
83 361 58 481102997
312 522 16 323399328
873 811 534 731512342
762 282 156 753165718
802 467 343 881459816
291 584 772 281538412
723 312 624 857930818
407 783 780 822000860
411 40 815 344543901
659 803 60 672923912
436 835 209 277132736
650 755 923 729437267
711 221 182 793313932
317 19 616 888609506
985 730 779 193628903
99 609 756 397534865
777 852 286 937863445
418 147 960 56938719
919 783 236 982016485
802 429 874 83957165
596 76 86 775979554
736 960 754 493270820
158 866 21 655672497
609 969 208 34258683
923 125 849 700042140
49 585 84 132816908
805 576 523 575775801
786 993 220 983479784
685 869 119 928119685
252 638 821 928245659
548 393 893 75494594
117 839 627 362485325
352 783 811 140892912
653 723 631 387614545
418 9 478 227207050
447 435 751 505096350
940 339 442 889474656
856 705 81 883234211
390 415 786 239634609
606 835 658 639120576
586 978 66 63517218
775 248 880 700245479
782 579 854 399898227
875 559 778 905627443
39 71 989 940175533
757 59 766 813467517
712 828 783 634329415
596 638 500 405280600
661 221 577 843770003
989 903 478 608199578
725 751 159 494266330
660 837 793 248910016
698 913 710 133104273
845 233 246 309472537
954 432 492 64457676
545 258 713 787192881
200 480 684 421852798
349 394 18 153740467
452 835 125 741667579
785 183 534 252190197
501 633 757 691219754
265 398 662 197501108
514 886 633 541759904
697 786 229 685390448
818 735 638 354962700
941 261 678 609289184
972 956 362 465894405
761 287 306 720707305
400 339 593 253059129
913 687 565 321722881
511 608 973 328675911
841 41 650 8038151
355 262 532 408703514
333 40 197 62533795
62 822 426 563343332
593 24 55 595562351
134 311 25 345657271
381 85 719 669688380
944 779 868 511039373
361 731 946 90446161
986 821 850 75531224
425 586 863 447061893
215 180 680 664824462
546 146 12 258722056
219 929 477 434657184
186 164 746 931027029
781 374 333 618194224
525 502 477 330600943
665 717 873 739920527
694 857 992 599058729
646 442 104 706303992
657 297 268 41838888
417 407 361 504058530
764 17 628 579378559
409 792 740 56508520
368 168 47 121144340
380 815 323 677465396
958 160 388 652616047
30 236 734 499545397
160 208 222 159578670
674 552 357 387373922
858 400 825 445805163
525 954 77 277446175
232 672 681 30421556
669 630 591 168886305
482 516 121 861630344
845 970 752 861550681
524 254 664 394711847
811 486 662 423138152
392 775 681 540070029
697 969 536 2702015
392 4 969 11695664
621 541 90 187490149
578 261 252 210125819
996 350 456 894906495
754 545 262 533508178
889 711 362 854945952
146 968 834 586652701
124 92 262 115176270
970 838 251 223193864
894 295 485 206500813
324 938 919 244528454
318 240 486 86154396
51 870 831 622027448
524 855 472 510174620
57 394 864 91250941
958 876 69 424273573
404 802 267 917492771
149 714 114 605859330
656 207 197 612819453
636 332 247 850317547
107 956 426 282752963
668 762 562 36865758
514 607 176 212879733
333 164 92 90109735
523 606 147 750003898
564 45 916 931738820
460 356 824 299635047
378 950 422 626804406
961 946 980 291741455
856 956 942 453995398
563 683 992 201282786
503 41 734 278899348
