5
282
8 10 3 15 14 5 13 12 2 17 12 2 3 3 3 3 5 10 4 4 5 6 12 12 16 12 14 5 6 5 10 13 8 6 5 9 13 11 3 4 10 17 3 15 3 16 3 4 3 15 14 8 17 6 9 4 14 3 2 12 1 8 13 10 10 9 13 3 7 14 17 6 3 7 6 6 3 14 8 12 15 6 2 3 4 14 16 9 10 16 4 2 14 10 3 5 13 5 11 15 16 9 1 13 9 13 4 9 13 10 5 5 15 5 13 8 14 7 17 11 3 10 16 12 6 17 15 14 9 11 15 6 8 6 16 5 11 16 1 6 3 7 7 8 10 7 14 2 7 13 2 7 3 5 2 14 7 12 7 11 13 5 1 16 8 15 3 7 6 17 8 2 14 8 4 17 14 7 2 9 14 8 15 11 12 10 9 8 1 1 8 15 4 13 12 1 1 5 4 4 1 15 5 9 13 16 10 12 6 9 6 11 14 1 16 15 16 3 10 3 15 1 11 7 4 4 10 4 8 10 5 13 1 9 4 8 3 16 7 10 7 8 6 2 2 13 14 12 6 16 13 2 12 17 12 9 13 2 6 2 3 16 8 14 9 14 4 16 2 10 4 1 1 7 8 1 17 17 14 13 12 10 
286
3 10 19 9 11 3 8 16 15 16 11 15 16 19 14 9 3 19 6 9 6 19 13 2 9 1 5 2 17 13 16 19 19 3 10 3 17 7 3 16 10 18 4 10 19 15 4 7 18 15 2 19 7 9 6 13 5 15 17 1 10 12 9 13 12 12 14 19 3 12 9 19 19 19 10 3 3 7 19 11 8 5 9 14 18 19 5 15 17 7 18 10 14 13 2 3 2 16 12 9 3 18 8 9 8 1 18 9 2 9 11 5 2 8 13 18 6 1 6 12 2 8 19 9 3 11 12 17 4 15 7 3 13 3 18 3 15 4 7 16 14 4 11 11 16 16 7 17 19 14 3 16 12 8 4 18 10 16 17 16 11 1 8 18 18 7 5 2 7 2 6 2 19 13 10 11 14 3 12 7 9 9 10 18 15 18 13 1 15 14 13 9 14 18 9 13 18 5 5 4 7 14 5 4 4 18 9 2 3 18 17 3 6 18 12 11 12 8 6 9 2 3 15 7 15 6 19 15 18 10 3 10 9 13 11 18 16 13 1 16 17 1 5 9 1 18 8 15 12 8 19 2 18 18 17 11 14 1 4 9 9 11 18 11 6 19 7 5 5 11 10 4 8 15 8 17 10 12 9 16 10 16 2 13 14 11 
293
15 2 16 16 10 4 13 17 1 7 2 5 3 9 15 11 9 12 6 16 4 1 6 8 16 12 6 5 10 1 11 16 8 7 5 16 12 3 13 7 15 9 2 7 15 3 10 8 13 9 9 10 15 16 11 15 4 1 11 18 4 6 17 4 14 11 12 6 6 8 18 10 2 17 16 1 9 9 5 9 1 4 16 8 3 17 1 3 6 7 17 3 8 7 11 3 9 6 6 8 14 11 17 1 5 12 1 4 18 5 12 13 6 17 5 13 11 14 4 5 7 12 2 9 14 14 3 8 4 18 16 5 13 6 16 18 13 5 6 1 6 5 1 8 13 7 16 8 17 9 11 15 1 8 2 14 6 1 18 14 7 6 9 6 7 4 9 7 1 10 18 5 9 15 1 5 12 10 6 1 6 4 15 5 15 14 10 11 17 6 2 18 14 18 18 18 5 7 9 1 5 10 13 7 14 15 16 8 2 12 17 15 8 4 12 14 8 2 16 8 6 3 13 15 10 5 3 10 12 8 2 7 12 17 8 16 14 9 10 7 18 6 2 18 16 17 12 18 18 2 2 2 15 12 4 15 12 4 12 3 5 4 16 9 9 17 9 17 16 5 2 9 10 9 11 13 7 5 18 14 10 12 11 18 8 17 7 15 4 15 11 6 18 
283
22 7 107 132 83 86 87 22 60 31 15 53 136 128 65 15 101 25 140 122 61 94 88 103 103 82 46 106 34 44 107 22 36 44 51 129 58 97 137 108 31 94 108 76 82 20 101 82 30 55 95 86 87 11 123 138 10 29 32 77 76 57 129 55 122 39 22 86 116 24 47 13 29 12 6 66 38 96 9 118 105 84 105 71 134 11 31 44 50 27 54 30 85 49 5 67 19 57 12 98 14 24 123 104 69 94 36 128 12 6 44 111 10 59 30 119 29 122 28 93 70 75 53 104 3 45 121 121 31 42 85 129 100 49 123 136 111 53 32 65 130 68 22 58 20 65 139 87 80 54 6 87 57 107 70 107 108 37 64 121 71 20 65 122 48 50 17 13 88 45 73 112 65 117 88 134 78 67 12 35 32 49 42 61 117 52 48 25 63 96 28 90 23 40 78 32 127 25 74 100 20 82 80 63 85 95 119 99 97 55 6 5 111 7 88 5 14 32 30 20 9 36 54 4 85 115 37 45 69 139 98 122 40 87 78 115 38 136 93 33 23 125 43 78 38 102 84 141 54 107 21 14 6 30 141 131 118 30 126 132 64 14 80 10 88 115 77 134 27 87 62 137 111 58 117 86 100 80 127 52 7 134 69 
294
50 12 21 38 46 47 46 9 28 48 18 33 52 47 25 39 49 20 34 7 15 26 1 12 16 9 34 44 10 18 42 33 3 24 26 36 25 33 51 54 42 27 24 46 48 27 50 33 32 36 14 36 23 3 34 31 36 40 16 49 47 4 43 21 50 41 4 13 31 3 19 26 13 1 42 22 39 47 15 5 12 25 16 14 28 42 31 34 39 50 5 12 13 8 46 43 49 26 16 48 50 26 32 2 41 24 2 21 14 45 17 3 12 43 35 49 23 11 27 37 45 46 29 41 46 31 16 44 3 39 47 13 30 4 13 54 38 38 38 21 6 35 51 4 40 42 14 20 27 2 43 39 38 22 13 37 12 47 33 25 1 44 22 25 33 52 23 34 15 46 28 3 30 11 23 49 32 13 33 43 42 21 19 51 6 10 3 26 23 27 49 3 15 16 53 11 40 9 2 2 46 31 23 5 30 3 53 49 50 53 7 47 41 48 36 6 9 17 52 39 45 14 22 54 43 43 1 28 15 3 9 25 43 46 16 16 16 39 7 52 20 45 7 26 18 5 52 30 2 3 29 42 36 44 32 25 12 1 18 53 46 6 30 6 36 21 51 27 23 29 54 31 2 32 9 14 31 39 51 8 30 17 29 54 4 11 55 23 17 46 24 33 51 38 
