5
280
9 9 3 15 12 18 8 2 18 18 8 3 15 14 7 3 18 16 11 13 1 12 14 14 2 15 15 14 2 6 5 3 9 10 9 2 3 7 18 3 12 1 4 16 5 18 2 4 14 13 1 14 5 2 16 18 12 13 11 15 14 13 15 8 2 14 16 17 17 13 8 9 7 2 8 9 6 13 11 8 16 1 16 4 5 17 17 5 10 16 15 15 13 8 4 18 6 18 8 14 4 15 11 12 17 18 12 3 8 10 12 15 6 16 17 9 8 11 6 5 15 9 11 14 2 7 2 7 14 12 7 15 10 16 11 15 12 13 5 13 17 17 13 13 4 3 3 1 16 9 18 9 9 5 6 2 12 17 16 9 15 10 13 2 10 7 1 12 3 16 8 11 2 3 8 14 8 2 1 8 7 15 7 16 14 13 5 15 3 17 17 8 11 6 16 6 3 5 2 16 1 12 1 4 5 16 13 14 7 3 11 18 9 4 14 4 3 16 15 7 18 9 15 18 16 16 5 8 18 7 18 9 7 18 11 5 2 15 6 8 1 3 1 10 16 13 4 3 8 10 8 9 1 4 11 8 1 7 5 6 15 17 4 17 13 17 11 16 12 8 8 9 12 6 4 14 7 14 9 17 
289
124 15 130 42 123 61 44 24 104 45 24 25 11 16 82 49 151 91 134 147 109 145 21 152 39 76 121 72 55 21 97 134 156 73 53 60 62 112 5 65 84 119 136 62 34 77 6 102 156 139 30 37 156 6 56 131 135 59 141 81 12 120 126 126 101 76 134 56 34 63 59 41 12 53 2 133 68 107 124 28 126 65 5 36 83 8 62 124 93 93 145 45 117 75 10 23 83 59 25 136 115 58 4 11 102 155 79 109 54 43 72 69 78 71 65 103 153 106 83 70 145 33 13 84 40 139 138 29 100 120 135 45 37 114 107 133 62 96 142 20 155 119 7 77 128 129 31 154 66 18 123 56 80 87 132 115 145 123 97 46 95 14 78 92 94 142 17 41 55 105 92 54 105 149 43 26 43 49 32 126 104 50 9 92 100 101 76 124 31 46 127 56 107 32 113 136 84 126 9 119 121 94 115 61 65 43 30 150 90 62 50 71 73 156 131 108 150 50 82 75 13 112 89 97 28 55 64 60 139 79 117 91 107 123 121 31 146 53 89 44 54 57 110 106 49 94 122 137 24 16 45 91 45 63 74 127 27 4 150 84 121 109 21 52 4 27 56 83 10 125 122 124 156 144 156 61 61 9 43 44 132 121 53 2 146 137 40 120 39 
283
1 8 5 18 4 15 13 6 13 9 14 17 7 7 18 16 15 1 19 10 9 9 15 7 10 6 12 13 13 8 15 3 14 1 7 11 15 12 4 19 15 16 7 7 18 9 18 2 7 2 7 19 19 18 4 1 19 7 7 9 7 19 10 14 5 3 17 8 13 9 17 18 10 6 1 2 2 9 8 18 14 13 5 6 18 7 1 16 5 16 10 12 18 15 10 1 10 11 8 5 13 5 5 9 6 12 18 13 4 18 1 9 18 15 17 1 19 9 13 18 18 17 5 17 6 3 1 13 16 6 9 7 3 8 8 16 2 2 10 19 6 3 17 19 11 7 18 13 17 7 10 5 19 4 13 10 5 13 4 4 9 4 1 5 5 1 6 18 8 4 10 6 8 4 13 7 1 8 18 9 10 7 3 2 12 19 3 7 17 8 18 3 4 18 9 8 9 2 9 13 16 3 16 18 19 12 13 5 1 12 4 14 14 18 14 3 13 18 2 18 14 13 8 15 11 10 11 11 10 4 8 10 17 7 5 7 11 17 13 18 12 10 2 2 12 14 12 4 4 2 14 10 5 18 9 5 4 10 2 18 19 10 13 6 10 6 5 3 16 15 2 16 12 14 9 3 8 14 8 2 3 8 5 
284
6 30 23 29 12 25 25 24 3 26 15 4 16 31 12 29 7 14 14 3 27 8 19 1 2 29 2 18 14 16 5 31 28 25 17 1 11 14 25 24 1 21 10 17 27 11 8 19 31 24 18 23 21 13 9 14 24 31 2 1 9 13 5 2 5 23 24 27 18 16 29 1 17 4 3 28 4 9 30 3 9 31 23 27 11 16 17 5 26 21 1 26 2 20 25 6 11 29 5 8 17 22 11 5 31 29 23 18 22 6 18 15 29 25 10 15 10 1 18 6 24 22 4 28 9 25 17 8 27 13 25 9 10 5 3 13 30 24 18 29 10 26 28 19 27 22 1 22 9 22 6 2 4 22 23 7 3 30 17 28 4 6 1 6 16 10 29 19 1 8 2 24 11 16 19 26 31 2 28 26 21 23 4 30 14 6 16 4 1 15 28 13 18 5 15 11 7 1 15 13 23 24 3 22 22 23 30 9 10 7 4 11 10 22 24 25 12 18 15 27 9 6 10 21 22 31 3 9 4 22 1 29 24 24 22 26 22 20 8 22 26 13 9 26 21 20 13 5 18 6 25 1 17 10 12 10 3 16 30 22 11 30 23 2 22 16 10 5 12 20 11 16 19 26 7 3 20 29 3 6 21 10 2 8 
300
37 4 35 19 20 37 28 29 6 14 27 5 14 41 4 18 38 34 37 26 41 9 1 42 12 17 17 33 33 32 30 41 35 25 6 2 11 41 10 21 39 27 15 38 30 4 1 26 15 20 33 25 20 11 41 14 20 29 24 7 26 39 28 24 32 17 43 36 16 4 3 31 24 10 2 9 15 3 1 12 29 17 2 18 27 36 31 27 43 6 7 32 13 31 25 7 34 32 33 10 6 5 2 35 3 39 37 37 26 26 9 20 41 21 13 28 8 13 43 5 36 23 35 15 26 12 16 27 9 19 12 41 33 28 36 27 15 9 28 38 34 15 14 28 21 21 35 11 38 28 7 9 43 12 22 11 14 29 20 1 14 3 3 3 30 8 19 15 21 23 36 30 8 30 23 21 24 2 12 16 30 35 4 32 22 28 42 1 17 28 38 30 16 10 5 41 10 42 28 17 25 4 12 41 11 36 32 1 22 22 1 25 23 16 11 37 24 31 17 20 30 38 13 17 34 8 6 12 39 5 28 24 34 37 22 31 21 39 12 30 38 4 41 28 13 38 27 1 15 19 23 30 16 36 36 3 1 42 12 1 11 21 10 42 14 25 25 10 18 29 5 5 3 34 23 31 10 29 36 39 3 23 36 10 16 31 9 3 29 28 7 19 38 35 32 1 20 43 5 7 
