5
281
15 1 5 13 10 9 9 5 12 2 12 15 6 15 9 10 10 4 3 1 6 13 5 2 16 3 8 16 2 11 8 6 8 15 9 14 7 1 5 1 16 12 10 15 6 13 2 1 13 3 3 13 3 3 8 9 3 15 15 4 7 8 5 2 14 1 15 6 15 6 10 5 13 13 5 8 11 11 13 2 2 10 9 3 16 10 8 12 3 6 8 4 7 8 8 11 12 15 16 13 11 16 15 9 10 11 5 2 15 16 3 5 1 2 15 12 5 10 12 3 8 15 10 9 8 4 10 10 8 2 4 10 3 8 12 4 16 16 2 4 7 5 10 2 4 2 12 16 9 12 12 5 9 2 12 11 2 3 1 6 10 1 4 7 14 5 9 16 7 4 5 8 14 16 11 16 16 2 8 7 5 6 16 12 14 7 8 2 14 14 6 9 11 5 6 10 5 16 14 3 6 14 4 4 9 11 15 9 16 10 11 9 1 3 16 14 1 7 5 6 4 11 2 9 3 4 3 12 15 16 4 6 5 6 9 1 3 14 12 3 10 3 13 13 4 8 5 4 7 9 11 14 11 4 11 15 9 8 4 5 5 13 1 1 13 4 10 7 2 15 12 7 6 4 6 13 6 15 5 5 11 
287
63 1 96 20 26 29 53 46 14 32 17 77 39 12 83 84 77 7 5 42 78 21 102 41 82 68 57 15 36 37 54 52 20 80 96 51 96 95 78 94 102 19 6 74 2 21 73 45 77 1 27 7 55 84 6 80 98 20 79 90 98 93 37 96 99 100 8 85 3 36 30 65 74 63 40 62 25 28 66 39 22 3 93 31 66 28 16 73 69 87 99 60 75 68 89 35 50 75 88 9 85 97 35 43 24 32 11 64 63 45 16 59 29 11 38 3 77 88 96 52 88 49 35 21 10 62 5 68 64 25 27 60 79 21 42 92 49 19 84 2 13 71 47 19 5 52 52 10 67 57 1 97 28 103 28 100 21 11 7 86 44 89 2 36 3 103 97 32 100 44 85 29 24 66 64 72 55 70 24 89 18 102 75 63 74 81 38 99 23 22 47 49 92 102 95 13 81 18 1 57 73 29 57 23 84 50 98 86 74 39 37 60 75 51 96 101 98 37 98 9 47 22 48 57 11 49 25 50 11 9 1 32 21 46 89 48 50 19 49 8 52 13 92 77 16 6 80 79 56 16 74 88 71 22 60 9 83 5 75 62 94 22 98 76 21 52 25 52 60 70 4 59 64 32 47 33 64 64 81 78 14 95 84 20 11 87 76 
287
13 13 3 10 6 4 6 17 8 1 17 11 16 2 9 15 9 17 4 9 12 10 12 12 11 9 9 13 17 1 11 7 12 1 7 17 16 12 7 16 11 1 3 17 15 10 15 2 17 9 3 10 13 11 11 11 17 2 16 11 4 14 9 1 11 11 14 17 16 12 8 4 6 8 14 17 2 1 11 8 2 3 9 12 11 10 15 1 10 3 16 4 8 6 7 10 13 2 16 4 6 5 17 14 12 2 4 6 14 4 12 16 9 17 15 11 12 11 5 8 6 12 11 9 9 5 6 12 2 3 16 7 15 5 12 12 2 17 15 6 4 2 5 16 15 8 13 9 14 7 16 11 7 12 14 11 4 3 3 17 2 14 3 13 14 9 16 15 6 14 10 4 11 12 12 1 11 9 2 3 9 17 17 10 8 8 15 1 3 15 14 12 12 3 6 1 12 14 15 7 16 7 11 15 9 16 3 7 14 17 11 6 5 5 17 13 15 15 1 17 15 6 2 8 14 9 16 10 7 13 6 8 1 14 15 4 16 3 1 11 6 8 12 16 1 3 4 12 8 3 14 9 12 15 8 4 12 6 15 4 11 16 17 3 8 11 3 3 9 10 7 6 2 6 14 4 14 8 3 16 14 8 4 7 16 11 12 
299
19 8 10 10 3 12 11 11 18 9 17 18 7 6 18 3 18 13 17 4 11 4 3 5 17 2 5 8 6 9 4 7 11 10 11 1 12 6 12 9 18 12 8 7 15 11 13 8 3 14 4 10 3 12 12 10 9 11 9 12 7 9 8 19 1 4 2 13 12 14 16 1 6 11 12 18 19 7 15 15 10 12 3 16 4 14 12 14 10 19 2 6 11 14 16 15 12 4 14 7 10 7 2 19 1 9 13 19 19 17 15 3 16 12 6 19 14 15 16 6 3 17 17 10 1 13 15 1 15 9 1 7 12 13 7 10 6 16 10 10 8 4 2 15 3 6 9 8 1 11 9 16 6 9 17 5 3 10 19 9 8 11 18 5 5 5 1 19 10 5 9 13 17 5 19 9 14 6 11 7 13 6 9 2 19 4 8 5 13 14 10 5 8 2 14 5 3 9 18 17 14 9 11 3 12 8 8 4 5 10 12 16 14 7 15 1 4 17 12 7 17 2 11 2 17 4 6 10 6 10 4 4 17 6 19 2 13 10 14 9 13 1 14 1 8 18 15 7 7 19 11 14 14 14 6 16 15 15 12 10 1 14 8 7 7 17 18 2 13 10 8 19 14 16 16 5 6 12 17 18 8 12 17 9 3 5 1 3 14 1 5 8 15 17 16 6 11 17 16 
282
127 15 72 147 40 62 27 22 16 62 49 45 15 25 139 88 150 96 63 101 152 131 97 70 122 138 68 36 89 66 127 114 107 141 75 102 131 22 86 13 132 9 19 81 70 45 45 30 126 76 100 81 135 145 28 3 18 15 85 29 132 61 65 41 146 135 99 59 8 15 12 102 39 70 111 16 74 95 101 132 153 58 85 31 148 105 27 101 104 12 148 50 10 72 133 32 129 126 150 62 136 53 102 91 33 102 124 71 42 137 21 104 56 88 34 147 117 53 149 149 95 123 27 101 108 26 152 24 150 7 72 153 10 55 47 100 91 5 83 3 38 112 138 81 152 58 25 64 73 141 24 119 74 129 99 108 143 35 21 41 14 48 29 122 115 50 127 85 71 59 26 135 123 22 72 83 59 4 56 83 115 93 125 103 135 41 15 100 113 63 27 21 41 105 51 142 93 147 92 91 147 126 60 101 153 53 62 142 141 62 137 120 141 51 138 25 99 113 6 30 88 112 2 119 53 130 83 105 95 135 152 103 122 41 80 45 31 42 93 51 85 129 71 44 121 10 87 104 133 113 114 106 136 134 137 95 12 97 87 33 87 88 65 141 40 116 125 12 142 10 4 99 151 150 29 55 98 72 75 115 130 6 
