5
288
19 10 7 10 2 8 17 2 15 11 1 9 16 20 7 2 9 14 4 7 8 1 1 11 4 1 6 12 10 5 17 4 8 16 3 8 16 20 17 18 10 5 11 14 9 8 9 11 19 13 18 20 2 1 10 11 17 12 3 12 4 6 20 14 15 16 12 9 5 17 9 7 11 18 8 4 6 19 7 16 15 12 14 16 2 19 2 15 9 13 11 19 10 6 7 14 18 4 4 14 11 5 18 16 8 2 17 20 11 11 18 10 16 15 11 7 8 10 16 12 5 14 19 2 12 10 11 5 2 18 1 14 3 18 15 18 20 9 5 5 8 10 13 11 10 8 14 10 9 11 4 12 19 1 14 19 18 10 8 14 12 4 11 5 18 18 13 12 3 18 1 4 6 17 17 10 5 9 2 4 3 10 7 13 9 6 13 9 16 2 13 5 2 14 11 4 14 19 19 18 9 11 13 15 3 19 17 12 5 8 19 9 4 15 17 3 1 7 19 8 7 6 2 11 10 10 20 10 1 17 19 12 14 10 20 12 16 18 18 11 14 3 3 10 18 14 17 8 9 3 9 5 5 9 4 11 19 19 15 19 13 6 2 3 3 16 15 7 14 20 15 18 16 15 20 18 7 3 4 18 4 13 14 15 19 12 19 13 
290
44 44 69 15 38 62 44 17 66 15 54 73 54 80 3 38 37 2 45 26 56 46 58 47 62 38 35 31 34 11 6 30 28 49 25 26 42 80 16 7 31 45 64 52 13 40 69 18 64 39 1 6 43 2 70 28 55 16 70 62 8 35 73 38 19 64 47 49 29 2 54 68 54 78 78 35 54 9 75 79 54 9 59 64 50 10 57 20 77 3 65 23 54 40 21 67 25 1 79 9 57 74 39 65 77 60 56 63 25 28 46 71 15 34 3 17 21 45 11 80 40 38 59 16 65 2 1 78 71 75 64 13 70 65 11 70 14 61 69 63 63 39 38 63 19 9 65 17 44 19 35 7 65 64 78 49 35 73 71 15 20 72 12 19 58 16 10 10 1 11 78 28 31 36 43 33 59 6 12 71 80 52 58 18 47 59 80 20 19 69 61 13 41 32 41 51 63 78 60 5 76 29 27 13 49 58 21 69 62 33 77 12 24 57 24 73 10 14 58 46 42 14 60 64 45 73 32 70 61 66 56 17 9 27 36 27 78 48 43 35 21 19 60 7 29 8 53 3 10 49 52 25 14 13 27 33 56 60 9 36 74 54 55 3 47 61 17 46 13 80 54 18 55 2 33 33 54 42 41 56 8 76 37 61 41 40 52 72 18 49 
287
163 202 42 189 251 93 113 178 139 264 70 254 85 166 208 71 109 43 193 7 107 99 220 237 224 3 64 104 248 67 247 88 217 218 46 72 27 196 105 209 193 167 102 90 194 8 81 52 160 226 194 92 232 100 39 186 180 104 80 39 78 69 134 241 226 124 73 134 195 256 31 17 216 207 156 144 20 165 194 38 147 184 250 108 219 233 24 12 176 223 196 171 105 51 90 114 116 171 178 175 71 94 28 203 210 257 57 251 15 183 189 240 196 123 72 239 210 52 80 165 256 247 216 131 23 51 163 191 109 252 259 16 58 11 33 102 91 166 124 251 109 109 53 184 27 257 227 91 104 240 179 91 142 185 225 34 110 7 52 4 159 4 123 12 130 61 153 239 255 206 152 221 200 204 147 207 160 176 246 89 19 219 194 266 172 57 163 166 88 39 207 62 84 35 21 7 20 94 195 138 114 141 64 240 246 66 213 23 128 75 35 128 99 221 234 12 47 53 33 202 48 216 83 186 32 63 212 232 165 245 136 133 92 225 57 142 58 253 113 161 111 259 207 74 8 115 142 91 231 224 12 185 53 260 216 110 166 195 119 122 157 232 20 255 162 87 74 248 151 112 144 92 86 258 56 14 68 217 263 67 187 46 139 79 225 5 79 
300
36 14 34 12 18 39 23 18 5 7 44 42 8 19 34 37 6 39 22 33 42 14 9 12 14 23 38 8 15 24 8 30 9 37 25 34 12 46 39 1 27 17 26 18 35 8 27 28 1 28 13 3 17 19 6 3 2 16 34 28 29 18 12 36 32 40 15 29 44 40 10 26 43 4 39 14 25 3 2 6 7 10 20 32 6 44 12 45 3 1 15 9 6 45 1 30 27 40 40 35 27 5 33 10 25 25 24 5 21 24 14 20 35 26 33 39 42 1 25 33 12 21 27 31 25 22 14 23 30 11 27 21 22 13 36 8 44 43 20 30 26 47 24 15 12 16 31 24 28 19 2 4 13 18 17 33 43 30 5 16 31 28 30 36 45 36 39 27 6 15 14 1 43 3 39 36 26 26 3 31 15 33 3 37 6 27 21 44 34 30 4 13 43 33 13 34 44 35 17 21 19 28 7 17 45 23 12 12 22 10 37 25 18 5 40 47 32 31 42 5 18 10 26 8 28 19 38 10 22 3 25 28 4 24 39 13 24 12 14 37 28 35 19 43 39 32 16 35 24 42 28 15 44 19 47 39 36 43 21 46 40 47 9 7 23 31 16 15 29 19 33 26 16 3 45 18 17 26 4 3 21 26 19 8 27 4 34 7 6 1 32 36 34 42 23 8 6 1 27 27 
282
4 1 5 8 5 3 7 12 8 10 8 13 5 11 5 14 9 13 9 7 3 3 4 5 5 10 12 3 3 4 8 13 8 1 11 9 7 6 2 3 1 8 12 7 10 10 12 2 11 11 10 4 9 7 14 7 11 6 3 14 14 6 5 8 7 2 14 11 13 13 12 11 6 12 4 8 1 14 6 5 4 14 11 14 8 4 14 6 10 11 1 8 3 4 13 3 6 14 3 13 6 1 10 3 13 3 12 4 6 13 11 6 12 4 8 3 8 9 8 6 14 8 7 7 3 5 1 2 13 1 7 2 1 4 8 1 4 5 8 13 4 2 12 3 7 13 7 6 8 11 12 13 3 2 11 8 13 2 3 4 10 2 4 8 2 1 3 4 14 5 6 6 8 6 11 1 13 11 10 12 8 6 3 14 14 14 5 12 12 6 2 11 14 5 5 13 7 11 10 2 5 5 7 7 4 2 11 5 7 14 7 5 14 7 12 5 4 6 1 3 6 13 2 10 3 9 9 5 4 10 5 3 3 1 12 13 4 11 3 13 10 11 10 11 10 1 11 7 14 9 12 10 7 10 4 5 12 7 8 10 10 5 6 13 3 11 12 10 12 8 11 11 8 13 7 7 5 11 1 1 8 7 
